-99.7
-101.8
-93.2
-97.7
-93.0
-79.9
-74.6
-76.7
-77.5
-76.5
-70.3
-71.2
-70.6
-67.4
-65.7
-67.2
-60.8
-57.4
-56.5
-54.7
-53.0
-56.9
-55.3
-54.4
-53.1
-53.2
-53.0
-52.5
-51.5
-49.5
-49.4
-49.3
-49.7
-49.0
-49.4
-49.5
-47.2
-46.4
-46.3
-45.7
-46.8
-43.9
-45.1
-43.4
-46.5
-46.3
-46.0
-45.9
-45.5
-44.2
-45.0
-52.9
-52.3
-51.0
-45.1
-46.1
-44.5
-42.9
-39.1
-43.0
-40.3
-43.2
-50.9
-64.4
-55.9
-64.6
-60.8
-51.8
-65.9
-72.6
-58.2
-52.6
-55.0
-58.9
-56.3
-46.2
-42.4
-43.3
-40.8
-47.5
-46.3
-46.6
-44.8
-44.4
-44.5
-43.9
-44.1
-42.9
-41.7
-41.5
-40.5
-40.3
-40.4
-44.6
-42.4
-42.4
-53.6
-47.9
-39.8
-39.2
