78.5
87.2
95.8
93.9
122.8
127.2
126.7
129.4
127.8
131.4
132.4
140.9
144.5
135.1
139.4
141.3
158.9
157.4
159.2
153.9
161.7
164.1
164.1
167.8
168.8
174.1
171.1
157.0
166.6
170.5
176.6
170.0
179.6
167.0
190.8
154.3
159.5
163.1
167.4
173.8
169.3
187.7
191.2
196.5
180.6
206.0
173.3
173.5
172.6
181.4
194.4
170.5
202.9
209.9
209.1
189.5
190.2
189.4
198.5
204.4
173.4
191.0
192.4
196.3
194.7
195.3
198.2
193.8
195.7
210.8
200.0
183.5
206.9
162.5
179.4
205.8
209.8
210.3
205.8
205.1
170.6
199.7
212.5
194.8
210.5
184.7
201.9
201.8
198.1
205.3
196.8
194.8
199.0
204.9
203.2
204.7
198.5
196.1
199.7
204.2
