-111.0
-106.2
-107.7
-99.1
-104.8
-90.7
-90.4
-83.7
-84.7
-86.4
-77.9
-82.4
-77.2
-77.9
-77.9
-74.3
-75.2
-76.4
-73.5
-71.8
-70.5
-69.2
-70.2
-69.1
-77.8
-73.7
-70.1
-69.1
-71.2
-70.4
-70.7
-68.8
-70.1
-67.8
-66.4
-65.0
-61.5
-61.3
-60.4
-58.3
-58.8
-57.3
-56.2
-58.2
-57.7
-57.5
-55.8
-55.7
-55.1
-55.1
-55.3
-54.5
-53.9
-54.9
-53.7
-53.2
-53.2
-53.7
-53.5
-53.0
-53.7
-52.6
-53.0
-52.8
-52.1
-52.0
-51.6
-52.5
-58.7
-56.6
-53.8
-53.4
-51.5
-51.0
-51.0
-51.2
-50.0
-50.6
-50.1
-49.7
-49.4
-50.1
-49.8
-49.2
-49.3
-49.2
-48.8
-48.6
-48.4
-48.6
-48.8
-48.7
-48.2
-48.1
-48.1
-48.3
-47.9
-47.8
-47.7
-47.8
