-95.9
-85.4
-84.9
-82.8
-77.2
-75.8
-76.9
-77.5
-75.1
-73.9
-74.6
-75.7
-71.6
-71.3
-70.3
-69.8
-68.1
-66.3
-60.4
-58.2
-54.4
-49.6
-52.8
-50.9
-49.5
-52.4
-50.4
-48.7
-46.5
-45.6
-45.8
-44.5
-44.4
-44.2
-45.6
-46.0
-42.4
-39.6
-38.5
-40.3
-38.6
-39.2
-40.2
-36.6
-34.0
-35.1
-37.6
-42.5
-42.4
-36.1
-34.6
-40.4
-43.7
-41.6
-51.2
-54.8
-56.0
-48.2
-55.3
-54.2
-48.5
-47.2
-48.1
-47.8
-45.8
-42.8
-44.9
-45.0
-44.3
-43.4
-42.6
-41.5
-42.5
-41.8
-38.9
-37.7
-39.2
-38.2
-34.3
-39.2
-37.3
-32.0
-33.7
-31.9
-31.5
-30.5
-30.2
-30.2
-31.5
-31.0
-30.3
-31.3
-32.5
-31.6
-28.9
-30.2
-29.3
-31.8
-37.0
-36.8
