69.5
73.2
76.3
77.0
76.9
78.1
79.4
79.1
83.3
86.8
83.6
87.8
90.7
97.8
103.5
99.4
119.0
118.7
107.4
112.4
119.6
132.2
135.3
136.5
142.4
133.2
140.2
141.1
143.8
140.2
149.1
146.9
149.0
148.8
152.4
154.1
157.7
162.4
154.6
158.8
147.7
164.4
144.5
158.9
159.1
163.2
147.6
160.1
165.2
171.2
170.3
162.3
169.3
170.2
162.2
176.8
146.2
166.3
148.9
164.6
171.1
168.0
161.7
151.9
164.5
156.8
160.9
158.6
164.1
164.1
163.8
166.1
167.7
169.1
169.2
169.9
167.3
171.6
174.3
176.8
179.8
171.4
176.2
173.2
156.7
168.0
177.9
172.1
180.7
177.4
179.7
179.4
184.4
187.9
157.5
169.9
174.3
152.4
153.2
155.0
