79.8
71.5
78.5
82.9
82.6
89.7
88.6
93.5
111.4
117.8
102.8
104.5
109.9
108.5
117.3
121.4
115.8
109.7
120.4
127.1
121.8
128.6
125.1
131.3
132.6
134.8
135.4
137.2
134.9
126.0
127.6
141.7
148.8
141.8
142.9
146.8
142.9
136.6
147.8
149.2
84.0
126.9
142.6
141.0
146.0
145.2
147.3
147.0
146.9
147.0
151.8
155.7
156.5
157.1
162.7
155.1
147.6
155.1
153.6
159.2
164.3
167.4
171.9
169.1
171.1
169.0
163.9
170.4
171.1
146.9
154.2
160.2
166.2
173.3
173.2
171.4
179.8
167.5
176.8
178.0
171.2
158.8
176.5
167.0
172.7
177.4
171.3
180.1
182.3
185.4
183.6
170.4
176.2
178.2
179.0
179.8
183.6
187.8
186.4
194.0
