63.6
73.6
84.4
74.6
79.9
99.7
94.7
105.6
110.3
117.9
128.7
132.7
129.9
134.9
132.6
129.0
123.3
117.6
112.8
130.6
136.4
138.9
137.7
126.8
133.8
140.8
136.0
140.4
137.8
145.3
143.7
141.7
150.7
147.2
147.2
150.7
151.4
161.9
155.5
139.2
148.3
139.1
133.0
135.3
150.5
147.8
142.5
151.0
144.7
159.1
144.4
151.9
151.2
154.8
140.4
154.0
146.1
143.2
155.0
156.8
154.8
165.6
158.7
152.4
158.9
127.2
135.9
135.8
124.8
132.9
144.5
168.7
165.7
134.2
134.2
139.9
138.8
139.4
141.5
139.5
137.7
140.4
139.4
142.2
134.5
133.0
138.2
136.5
141.5
117.0
135.1
143.0
141.4
138.0
142.4
141.8
140.5
139.3
139.3
140.3
