-96.2
-93.6
-91.4
-95.1
-96.2
-90.9
-92.0
-85.1
-90.0
-88.0
-86.1
-86.6
-84.0
-83.3
-82.1
-81.9
-82.9
-79.2
-80.0
-82.5
-78.7
-80.6
-77.7
-79.0
-78.9
-74.9
-73.7
-75.4
-78.3
-76.7
-76.4
-73.4
-75.2
-75.7
-72.0
-69.2
-71.6
-64.7
-68.1
-66.3
-69.0
-70.7
-68.7
-66.3
-67.4
-65.7
-64.0
-64.0
-64.2
-63.3
-66.3
-62.2
-60.9
-64.1
-64.6
-65.9
-64.6
-64.2
-62.6
-63.2
-60.7
-61.3
-61.7
-60.2
-60.1
-60.0
-66.6
-63.5
-60.7
-59.7
-59.4
-59.8
-58.8
-59.2
-58.1
-58.4
-58.5
-57.5
-57.2
-57.9
-58.4
-57.4
-56.4
-57.7
-56.9
-57.0
-55.6
-55.7
-56.8
-56.8
-56.5
-55.7
-57.2
-56.5
-55.0
-54.9
-55.2
-56.5
-55.3
-57.2
