-89.5
-84.7
-83.1
-84.4
-82.6
-81.2
-82.7
-78.2
-79.6
-76.8
-76.9
-76.4
-74.5
-75.2
-75.5
-73.9
-73.0
-73.5
-71.8
-71.4
-72.1
-71.8
-71.2
-71.2
-71.1
-71.2
-71.3
-69.9
-70.0
-69.9
-69.1
-68.8
-68.2
-68.2
-68.7
-68.1
-68.1
-68.8
-67.1
-67.4
-67.2
-67.1
-67.4
-67.0
-66.5
-66.4
-66.2
-66.4
-65.9
-65.7
-65.6
-65.6
-65.6
-65.8
-65.5
-65.4
-65.7
-65.3
-65.2
-65.2
-65.2
-65.0
-65.2
-65.6
-65.0
-64.8
-64.9
-64.9
-64.8
-64.8
-64.8
-64.9
-64.5
-64.6
-64.3
-64.4
-64.3
-64.2
-64.1
-64.2
-63.9
-63.7
-63.4
-63.3
-63.4
-63.1
-63.1
-63.1
-63.1
-63.1
-63.1
-63.0
-63.0
-63.1
-63.3
-63.0
-63.0
-63.0
-63.0
-63.0
