-94.9
-92.7
-94.5
-96.0
-90.4
-90.9
-91.6
-91.4
-90.6
-90.6
-88.2
-86.5
-86.9
-84.3
-82.8
-81.4
-82.4
-80.0
-79.8
-80.8
-77.6
-77.1
-77.4
-76.9
-74.5
-75.5
-75.2
-77.2
-75.2
-76.3
-72.8
-73.0
-72.2
-71.4
-72.8
-71.0
-72.5
-70.2
-71.0
-71.1
-71.2
-70.5
-70.2
-69.6
-68.9
-67.7
-67.4
-66.1
-66.6
-68.4
-65.6
-64.2
-64.1
-65.0
-64.2
-65.6
-64.6
-64.0
-63.7
-63.3
-63.9
-64.5
-64.5
-63.5
-62.7
-62.7
-63.9
-62.9
-62.6
-62.6
-62.9
-62.8
-61.8
-61.9
-62.2
-62.1
-61.7
-61.7
-60.9
-61.2
-60.5
-60.5
-59.8
-59.0
-58.8
-58.3
-58.2
-58.1
-58.7
-58.1
-57.5
-57.7
-57.5
-57.4
-57.7
-57.4
-57.0
-57.3
-57.5
-57.7
