65.2
71.7
74.4
77.0
75.2
76.6
80.1
79.5
83.8
81.6
81.7
84.1
83.9
83.9
84.8
88.5
88.6
93.5
94.7
95.2
97.6
96.2
100.0
101.0
101.5
104.0
104.3
105.7
106.8
106.5
107.0
108.5
109.9
110.3
111.1
109.8
110.8
112.7
112.7
112.4
112.5
114.2
114.8
113.8
114.8
115.5
116.9
115.4
116.8
117.2
116.5
115.4
115.6
117.5
117.4
117.8
118.9
117.4
119.4
119.4
119.4
119.3
118.8
120.3
120.2
120.0
119.4
118.0
120.5
120.6
120.8
122.0
123.2
121.9
123.0
117.5
119.5
116.4
121.2
120.9
124.2
123.7
125.1
123.8
123.4
126.1
126.0
123.2
113.8
117.4
121.1
123.8
126.0
125.8
127.1
127.1
128.8
127.8
125.6
120.1
