67.7
69.1
68.5
73.4
74.4
75.1
79.3
83.4
87.8
87.3
87.5
88.2
89.1
96.3
97.0
103.0
105.8
107.2
107.2
113.1
114.7
108.8
117.5
105.9
115.1
114.1
109.4
116.4
117.0
120.6
121.0
117.5
123.3
132.0
126.5
129.8
130.4
131.1
130.8
129.5
131.3
132.4
132.9
132.9
131.6
135.5
138.2
136.6
139.1
138.6
138.0
138.2
138.8
137.8
140.4
138.2
138.9
142.5
142.2
141.6
142.5
142.9
144.1
143.7
145.7
144.3
146.0
143.8
147.8
148.6
145.2
145.4
143.3
145.4
147.1
150.4
149.3
149.2
149.1
148.2
152.1
150.9
153.0
150.9
151.4
151.1
153.5
149.3
150.2
139.6
148.3
148.2
147.6
154.1
153.3
153.7
146.3
148.9
151.3
149.5
