-115.7
-102.5
-102.7
-105.3
-102.5
-94.1
-89.3
-81.1
-87.6
-78.3
-83.1
-78.6
-77.4
-78.7
-75.2
-74.3
-73.6
-73.2
-72.6
-74.5
-73.8
-72.2
-70.3
-73.5
-72.8
-69.5
-71.7
-70.2
-69.8
-67.8
-70.4
-68.3
-69.4
-67.5
-69.8
-68.4
-66.2
-65.0
-64.2
-63.7
-67.1
-63.2
-56.8
-55.8
-56.9
-54.4
-55.2
-54.9
-53.2
-55.3
-55.5
-52.0
-52.6
-49.6
-48.8
-49.2
-49.4
-50.1
-49.4
-49.0
-47.8
-45.9
-50.5
-46.3
-47.5
-48.3
-46.5
-49.4
-46.4
-44.7
-45.8
-45.2
-47.4
-44.5
-44.7
-45.9
-43.9
-44.1
-43.1
-41.4
-41.8
-42.9
-40.3
-41.5
-41.5
-42.2
-39.0
-39.7
-39.6
-41.3
-42.0
-40.0
-40.5
-41.3
-41.5
-40.2
-37.8
-37.7
-37.9
-36.6
