74.5
85.9
98.2
105.2
111.5
114.8
112.4
116.8
113.3
121.1
123.6
128.6
133.0
130.4
131.1
133.5
139.3
143.6
141.4
148.9
145.1
149.1
147.4
143.2
149.5
153.1
153.3
152.4
157.0
148.0
149.8
155.5
156.0
155.2
156.2
154.3
154.3
157.4
149.0
149.4
153.1
163.8
162.7
163.0
167.1
167.9
170.4
170.1
176.7
178.0
178.5
177.8
178.6
179.5
180.2
178.4
182.2
186.2
170.2
182.2
180.3
180.7
178.3
184.7
184.7
180.1
186.3
189.4
189.8
186.8
189.7
188.3
164.2
144.2
176.8
165.8
174.0
174.7
173.7
177.2
181.8
185.0
186.4
191.8
189.4
189.4
184.9
187.7
189.0
191.3
191.0
186.5
179.0
193.4
193.2
191.7
194.6
191.9
179.8
180.3
