65.7
62.8
64.9
67.6
71.2
69.6
71.9
68.2
69.9
74.2
78.1
76.4
77.3
77.5
79.2
82.1
82.8
83.1
83.4
85.9
87.0
88.2
93.8
92.8
92.8
95.0
96.2
97.0
98.1
96.9
99.3
95.6
100.3
101.2
99.4
99.0
101.1
101.1
101.8
104.4
108.1
106.8
107.6
100.0
105.7
107.5
110.5
110.5
106.2
109.4
112.6
116.0
116.2
118.2
109.9
118.2
121.3
125.1
123.8
115.0
104.7
124.4
121.8
108.0
113.5
124.6
125.5
122.4
128.2
119.0
126.4
132.0
131.4
127.0
134.0
134.5
136.6
131.4
133.2
129.5
134.9
138.0
137.7
140.3
140.2
133.8
132.4
133.2
141.3
141.9
140.7
139.3
142.3
143.8
142.5
142.1
144.4
146.2
139.4
132.8
