-98.3
-97.3
-93.0
-93.3
-92.1
-89.7
-88.5
-87.5
-87.6
-87.6
-88.2
-84.7
-85.5
-84.9
-83.8
-84.5
-83.4
-81.8
-83.8
-80.2
-80.2
-80.2
-77.6
-79.4
-78.8
-78.0
-77.5
-77.8
-76.6
-77.0
-77.2
-76.6
-75.0
-75.6
-75.7
-74.0
-74.6
-75.1
-74.6
-74.5
-73.5
-74.0
-74.1
-72.8
-72.9
-72.4
-72.0
-71.8
-71.3
-71.3
-71.3
-71.2
-71.0
-70.8
-70.2
-70.8
-69.7
-70.5
-69.1
-69.3
-69.0
-68.7
-69.3
-69.8
-68.8
-68.3
-68.6
-67.7
-67.3
-67.5
-67.2
-67.2
-67.3
-66.7
-67.0
-66.3
-66.4
-66.6
-68.5
-66.5
-66.5
-65.9
-65.8
-65.9
-65.8
-65.8
-65.6
-65.3
-65.3
-65.3
-65.3
-65.2
-65.1
-65.1
-65.5
-67.2
-65.4
-65.5
-65.1
-65.1
