65.2
69.1
73.5
74.5
76.0
79.1
81.9
83.1
84.4
84.6
87.0
88.5
88.4
87.9
89.5
90.1
92.7
90.6
91.0
91.9
91.5
93.7
94.5
93.7
94.0
94.9
96.5
96.9
99.0
99.2
98.7
99.7
101.8
103.1
103.6
106.3
106.7
108.5
109.2
110.8
111.4
111.8
111.5
111.1
113.7
115.4
119.3
119.0
118.8
119.0
113.5
117.3
121.2
120.8
121.4
122.2
120.1
120.1
119.2
122.3
119.2
120.2
124.7
125.1
125.0
125.0
119.8
123.3
123.6
124.3
125.3
123.0
126.4
126.9
125.9
126.5
127.7
127.8
128.4
127.3
127.3
127.1
128.1
128.7
129.6
130.0
128.1
125.7
127.0
130.0
129.8
130.5
131.1
130.5
127.7
120.1
124.6
126.4
125.1
126.5
