-90.0
-88.4
-64.7
-61.5
-76.4
-72.2
-70.8
-67.0
-61.8
-54.8
-53.1
-55.4
-50.9
-50.2
-56.8
-52.9
-47.7
-46.7
-44.5
-43.1
-46.0
-42.3
-41.4
-41.5
-41.2
-41.0
-37.8
-38.6
-33.2
-36.8
-38.2
-33.4
-33.5
-32.8
-32.4
-31.6
-37.7
-44.1
-32.7
-31.1
-33.7
-30.4
-35.8
-28.8
-30.3
-35.4
-33.6
-33.9
-30.3
-29.0
-25.9
-28.8
-27.8
-24.9
-24.2
-24.1
-24.2
-25.7
-27.1
-24.8
-26.2
-26.2
-24.3
-22.2
-24.6
-22.7
-21.6
-19.4
-19.0
-24.9
-19.2
-22.1
-19.4
-18.8
-20.0
-37.0
-33.6
-24.1
-17.1
-22.2
-51.6
-38.5
-28.4
-28.3
-56.6
-56.9
-53.8
-49.9
-38.0
-32.3
-27.1
-26.7
-26.3
-23.8
-22.1
-21.8
-28.4
-35.0
-30.1
-23.9
