-94.0
-81.7
-77.2
-67.7
-67.1
-62.2
-59.9
-56.2
-55.9
-57.5
-54.5
-53.4
-56.0
-54.4
-52.5
-51.5
-59.4
-56.1
-49.9
-51.3
-49.3
-49.0
-51.8
-46.3
-48.9
-47.3
-47.0
-48.8
-47.7
-49.0
-49.2
-44.8
-48.5
-47.2
-47.9
-48.9
-45.8
-46.4
-44.7
-43.9
-43.2
-41.7
-39.9
-42.2
-47.4
-41.9
-39.6
-40.2
-38.4
-38.6
-37.8
-37.1
-35.5
-39.7
-41.5
-37.8
-35.5
-34.2
-35.3
-34.8
-35.4
-34.8
-33.8
-34.4
-35.6
-35.3
-33.6
-33.2
-32.4
-32.6
-32.8
-32.5
-31.6
-33.2
-32.9
-31.8
-36.4
-37.0
-37.9
-38.9
-37.1
-33.5
-32.9
-32.7
-31.7
-32.3
-31.3
-30.6
-32.0
-30.7
-30.4
-31.0
-30.0
-29.5
-30.7
-33.0
-31.6
-30.9
-29.7
-29.6
