-93.5
-95.6
-85.8
-85.5
-84.9
-82.6
-79.4
-77.3
-81.5
-80.5
-74.7
-69.4
-70.2
-71.2
-68.2
-66.7
-63.5
-62.8
-61.6
-68.9
-70.4
-61.6
-58.3
-59.0
-59.4
-58.7
-55.9
-56.6
-53.6
-54.4
-53.6
-53.9
-52.1
-52.4
-53.6
-52.6
-51.2
-50.9
-51.7
-50.2
-49.4
-50.5
-48.0
-48.6
-50.1
-48.7
-48.1
-45.5
-45.7
-45.3
-45.6
-46.1
-46.3
-44.2
-44.2
-44.2
-43.2
-44.0
-44.3
-43.8
-43.7
-43.0
-42.0
-41.8
-42.5
-42.0
-41.6
-42.0
-42.0
-41.2
-41.1
-40.6
-41.3
-40.4
-40.9
-41.6
-40.0
-39.8
-40.1
-39.9
-39.7
-39.4
-39.2
-40.0
-39.5
-39.5
-39.0
-38.8
-39.1
-38.9
-38.7
-38.7
-38.6
-38.7
-38.3
-38.5
-38.6
-38.5
-38.3
-38.3
