70.9
71.4
76.1
78.3
80.7
80.2
82.7
87.5
87.8
88.9
87.2
87.0
89.0
90.4
91.3
89.5
88.2
93.7
91.7
95.2
93.7
94.9
93.8
96.8
102.4
100.6
99.0
102.7
101.2
102.5
102.1
104.0
105.5
106.1
108.3
108.8
109.1
108.0
109.5
111.8
113.3
112.0
113.0
114.8
117.7
117.4
119.3
120.6
121.7
122.7
123.4
125.5
126.5
125.2
127.9
128.6
128.1
127.4
128.3
128.8
131.1
130.0
130.2
132.1
131.1
131.8
132.4
134.2
133.5
131.6
131.1
133.6
134.2
135.0
136.3
130.1
134.4
137.9
137.6
136.9
139.1
139.0
140.5
141.2
142.6
143.9
139.2
142.2
127.1
133.2
129.1
132.7
136.3
139.4
142.8
137.1
136.8
138.8
135.8
143.2
