-97.3
-91.3
-87.6
-85.5
-84.3
-81.0
-79.2
-81.6
-79.2
-74.9
-76.7
-78.2
-70.3
-69.0
-70.0
-70.0
-69.1
-67.0
-65.6
-68.1
-66.9
-66.4
-67.0
-64.5
-64.5
-64.6
-63.9
-63.8
-63.4
-63.9
-62.4
-62.1
-62.0
-61.7
-61.4
-61.6
-61.8
-60.9
-60.4
-58.2
-59.3
-56.4
-57.6
-58.6
-58.1
-59.8
-66.1
-66.9
-63.4
-62.3
-61.2
-59.1
-60.1
-57.5
-57.6
-56.6
-56.1
-55.9
-55.0
-55.0
-55.4
-55.6
-55.0
-54.3
-53.8
-54.0
-53.4
-53.0
-53.1
-51.6
-50.5
-50.2
-49.8
-57.3
-102.2
-71.5
-68.4
-64.7
-63.9
-63.1
-62.3
-62.3
-62.4
-61.8
-62.1
-62.2
-63.2
-62.4
-62.1
-61.6
-61.8
-60.3
-59.8
-59.8
-59.2
-58.9
-58.9
-58.8
-59.2
-59.6
