70.0
68.7
74.6
77.2
78.8
82.7
78.3
81.5
85.0
90.7
89.5
91.6
88.4
92.5
90.5
93.4
94.6
95.6
96.2
95.5
94.0
95.6
97.4
97.9
99.8
100.9
98.9
97.0
98.0
100.9
99.0
102.9
103.8
102.5
106.2
105.0
108.7
109.0
122.8
160.6
158.3
153.4
178.8
189.0
180.9
187.0
194.1
192.2
171.6
185.5
195.6
187.2
194.9
195.4
135.9
141.6
147.7
152.8
166.8
168.0
178.2
172.9
168.8
178.0
167.8
162.9
165.0
168.8
162.1
173.1
180.3
176.2
176.9
180.4
180.5
181.9
180.4
180.4
185.5
184.7
172.9
175.3
155.9
194.3
171.1
176.4
171.3
176.8
181.8
184.0
164.4
184.4
179.4
183.2
184.8
192.3
188.7
166.1
176.9
191.6
