-101.4
-95.6
-94.5
-87.8
-83.3
-87.2
-84.9
-81.6
-79.8
-82.8
-75.6
-77.0
-74.2
-72.7
-64.8
-65.4
-61.4
-62.9
-63.3
-59.0
-57.8
-60.4
-59.1
-61.4
-63.1
-57.3
-55.7
-57.7
-55.4
-55.1
-54.4
-52.1
-52.3
-48.0
-47.3
-49.3
-48.7
-47.8
-46.6
-47.2
-48.6
-47.2
-44.7
-45.6
-45.3
-42.6
-44.6
-42.8
-43.2
-46.6
-42.9
-40.8
-43.4
-42.0
-42.0
-44.3
-42.2
-42.6
-40.8
-39.4
-38.8
-39.1
-37.9
-37.4
-37.8
-38.0
-37.6
-42.2
-39.7
-37.2
-36.3
-34.2
-33.0
-34.7
-33.7
-33.2
-37.4
-40.2
-36.3
-33.2
-34.2
-35.6
-32.9
-32.7
-32.3
-32.9
-31.7
-31.3
-30.5
-29.9
-30.4
-29.6
-32.3
-47.3
-45.2
-43.5
-41.8
-45.4
-48.0
-48.1
