78.2
79.7
83.4
87.3
88.0
86.9
90.7
90.6
90.6
94.5
93.8
95.7
94.6
98.2
96.8
97.5
98.9
99.6
101.1
99.8
101.8
101.3
102.8
102.8
103.5
102.6
101.8
104.1
102.7
104.2
104.6
103.6
105.5
105.2
105.7
107.0
107.0
107.2
108.0
109.4
109.3
109.3
110.0
109.8
112.6
112.7
112.5
114.2
116.1
117.7
118.9
118.9
119.2
119.7
120.8
121.2
122.3
122.8
122.2
122.0
121.8
123.9
124.3
124.6
124.1
124.3
124.0
125.6
125.9
126.3
126.6
126.9
126.4
127.0
126.9
127.6
126.7
127.5
128.1
128.5
129.4
130.4
130.5
130.1
130.1
130.9
130.8
130.9
130.7
131.4
131.5
131.8
132.0
132.2
132.1
132.1
132.2
132.3
132.5
132.4
