63.8
68.4
67.4
68.5
70.2
73.1
72.3
76.3
74.0
76.7
75.8
80.2
82.0
78.2
80.0
81.2
84.1
85.4
84.3
90.7
89.8
89.8
92.5
91.8
97.9
94.8
94.8
95.6
97.1
97.7
98.5
102.0
103.5
102.5
102.1
102.0
105.9
104.6
106.1
106.6
106.9
107.5
111.0
110.8
108.1
111.2
113.9
113.0
110.7
115.0
114.8
116.2
119.8
116.9
119.0
120.6
120.5
120.6
122.6
124.3
126.2
120.6
125.7
126.7
130.8
130.6
131.4
131.8
131.9
132.8
133.0
132.1
134.3
132.4
134.0
135.5
133.6
135.5
135.9
134.8
131.7
134.7
136.2
136.2
135.2
137.6
137.1
137.4
138.4
137.9
136.0
138.0
138.4
133.5
127.8
136.4
137.2
138.7
139.4
139.6
