-98.6
-93.0
-95.6
-92.8
-89.1
-84.2
-84.0
-81.3
-75.5
-70.8
-69.9
-64.8
-68.2
-63.8
-67.6
-61.5
-60.4
-65.4
-59.9
-53.0
-54.3
-57.0
-53.5
-52.3
-51.9
-50.9
-46.3
-48.9
-46.0
-47.1
-46.6
-46.8
-46.6
-44.1
-48.2
-44.4
-46.4
-43.0
-41.5
-43.1
-43.9
-37.5
-41.9
-41.5
-39.0
-38.2
-39.7
-38.8
-36.0
-33.6
-34.7
-32.6
-34.8
-39.4
-36.4
-33.0
-33.1
-33.5
-31.4
-30.7
-29.8
-26.8
-28.6
-30.4
-29.5
-28.6
-28.2
-26.6
-26.0
-26.8
-27.1
-27.1
-28.0
-27.7
-24.5
-24.1
-38.9
-31.7
-29.6
-30.0
-28.7
-25.8
-22.5
-27.3
-32.7
-32.2
-32.6
-32.3
-30.6
-30.9
-30.2
-27.8
-28.7
-27.5
-28.0
-27.6
-28.4
-27.2
-27.9
-28.3
