66.8
65.6
68.3
69.2
72.3
77.0
78.5
80.0
80.7
85.7
84.3
88.4
88.2
92.3
90.4
90.8
91.7
92.4
94.0
94.4
95.7
96.6
98.0
96.8
99.0
96.4
98.3
100.7
99.1
100.0
100.3
101.1
101.8
103.5
102.1
102.6
104.3
105.0
104.0
103.3
104.4
102.7
105.2
104.5
106.9
105.8
104.0
105.1
106.1
107.0
107.7
108.5
109.1
108.7
108.6
108.5
109.2
109.7
109.0
109.0
104.2
110.0
109.7
110.3
109.6
109.4
106.3
111.9
111.9
112.5
113.3
112.6
113.1
112.2
113.6
106.6
108.7
108.4
100.1
99.0
104.8
107.0
107.9
108.4
108.2
108.8
101.5
106.2
106.2
108.6
110.6
108.5
103.7
105.9
106.4
107.3
107.4
107.7
108.4
109.0
