-97.4
-91.1
-84.5
-80.1
-78.5
-70.8
-70.3
-67.7
-70.5
-68.0
-66.0
-64.3
-69.8
-64.6
-62.1
-60.5
-57.0
-59.3
-51.6
-50.0
-49.5
-47.7
-47.1
-51.9
-56.3
-51.0
-51.5
-48.6
-46.3
-47.1
-45.2
-46.3
-44.3
-42.8
-43.0
-42.8
-41.6
-40.6
-43.1
-39.7
-39.5
-40.8
-38.4
-36.5
-37.7
-38.0
-41.7
-41.6
-40.1
-35.4
-37.2
-37.5
-36.4
-36.5
-36.7
-35.9
-35.1
-38.3
-34.8
-35.0
-34.0
-34.7
-34.7
-33.3
-39.4
-40.1
-34.2
-33.7
-33.0
-36.5
-35.1
-32.6
-32.0
-31.9
-31.6
-31.8
-32.0
-30.9
-30.8
-32.9
-31.0
-29.9
-30.2
-29.4
-29.0
-29.5
-29.0
-28.7
-29.1
-29.5
-28.4
-28.6
-28.8
-28.8
-29.3
-28.2
-29.7
-38.0
-33.6
-29.7
