-86.5
-73.6
-73.7
-70.1
-72.9
-71.3
-67.4
-66.4
-64.7
-64.4
-63.8
-63.7
-62.8
-63.2
-60.9
-61.2
-60.7
-61.6
-58.9
-58.7
-57.0
-56.8
-55.6
-56.0
-55.7
-54.3
-55.6
-53.1
-52.1
-55.1
-50.2
-51.2
-51.1
-49.9
-48.4
-49.6
-45.9
-45.9
-45.6
-45.0
-44.6
-44.5
-44.8
-43.9
-44.4
-43.4
-43.4
-43.6
-43.1
-42.6
-42.7
-43.4
-43.0
-43.9
-41.9
-42.0
-41.5
-41.8
-44.2
-41.4
-43.5
-41.5
-41.7
-41.3
-42.1
-40.7
-42.0
-42.8
-41.0
-40.3
-40.1
-40.5
-40.8
-40.3
-40.2
-39.7
-39.6
-39.5
-39.3
-40.0
-41.6
-46.3
-42.7
-42.1
-40.2
-39.4
-39.7
-39.4
-38.7
-40.0
-42.5
-44.6
-45.6
-50.6
-42.8
-41.8
-40.9
-46.3
-41.4
-41.2
