65.1
68.4
69.9
76.4
76.6
75.8
78.7
76.3
78.2
85.4
83.6
78.1
79.2
80.4
86.0
89.4
88.5
88.2
94.2
96.6
89.7
98.1
94.0
98.8
98.2
99.7
97.7
101.7
102.9
101.8
102.1
102.2
104.3
105.8
106.2
106.5
108.3
106.1
105.4
109.2
110.0
108.9
110.2
110.4
110.3
111.1
112.1
110.5
114.5
107.9
111.6
112.0
114.7
110.6
111.3
116.6
116.1
118.1
118.3
116.1
116.4
115.2
117.8
119.7
117.5
120.0
120.6
121.7
122.0
119.0
121.2
119.3
120.6
121.8
123.3
123.8
123.9
123.4
123.0
125.5
126.0
125.6
126.0
122.9
121.4
122.4
125.4
126.5
126.2
125.7
128.0
127.1
124.2
128.7
129.9
129.3
128.4
125.7
113.0
126.0
