-100.0
-105.5
-98.2
-97.2
-98.5
-96.4
-93.6
-91.8
-91.6
-91.5
-91.4
-88.4
-87.3
-86.4
-83.0
-80.9
-79.3
-74.6
-74.6
-70.3
-71.7
-67.8
-67.6
-67.9
-67.1
-65.6
-66.4
-65.7
-64.4
-62.0
-61.1
-60.5
-58.8
-58.4
-58.0
-56.4
-56.5
-57.7
-58.3
-56.3
-56.0
-54.0
-54.5
-55.1
-53.9
-53.8
-53.0
-52.8
-52.6
-50.7
-51.3
-51.9
-50.6
-50.0
-49.3
-50.5
-49.4
-49.8
-49.7
-48.9
-48.4
-49.7
-49.0
-49.2
-49.1
-48.2
-47.3
-47.8
-47.4
-47.2
-46.7
-46.5
-46.2
-46.8
-46.8
-46.1
-46.4
-46.0
-45.2
-45.2
-45.0
-45.9
-48.2
-45.9
-44.9
-44.6
-45.1
-44.2
-45.0
-44.8
-48.4
-49.7
-48.1
-46.6
-46.0
-45.2
-45.3
-45.0
-44.9
-44.8
