-108.8
-99.0
-100.3
-98.4
-97.3
-97.6
-93.5
-87.3
-87.1
-91.5
-89.2
-88.6
-92.2
-88.9
-86.8
-81.2
-80.3
-80.1
-82.0
-82.5
-81.5
-77.8
-83.2
-83.5
-83.2
-78.9
-79.6
-78.5
-77.1
-77.7
-78.8
-74.3
-71.2
-67.1
-67.9
-67.4
-65.5
-59.9
-58.5
-55.8
-53.5
-54.5
-59.5
-58.4
-58.6
-55.0
-54.4
-52.8
-52.5
-52.8
-52.1
-51.3
-51.4
-56.4
-53.7
-72.4
-49.5
-48.8
-46.8
-51.9
-49.3
-47.2
-52.3
-59.2
-54.3
-57.3
-51.3
-50.8
-52.8
-59.3
-55.7
-55.6
-50.4
-46.6
-40.5
-43.0
-41.1
-39.0
-47.1
-41.3
-47.2
-42.5
-35.1
-34.6
-33.5
-39.6
-36.8
-40.2
-39.4
-37.5
-35.4
-35.0
-37.3
-33.6
-36.7
-41.1
-40.1
-42.5
-45.3
-39.1
