-101.9
-94.3
-101.8
-97.0
-95.6
-91.2
-91.7
-94.2
-92.0
-89.7
-83.5
-86.5
-84.9
-82.0
-86.7
-82.5
-83.2
-84.2
-81.8
-80.5
-82.8
-88.3
-79.7
-84.7
-80.5
-78.7
-77.1
-77.2
-75.1
-76.9
-76.0
-73.8
-75.5
-73.5
-72.0
-71.6
-70.9
-70.9
-69.1
-68.9
-68.6
-68.1
-68.5
-67.0
-66.5
-65.7
-65.0
-65.1
-63.3
-63.5
-64.1
-62.5
-63.1
-62.9
-61.6
-61.2
-61.5
-62.5
-60.8
-61.4
-65.9
-66.7
-61.8
-60.0
-60.0
-59.5
-62.0
-59.3
-58.3
-58.2
-57.7
-57.7
-57.3
-56.9
-56.8
-57.5
-56.8
-58.0
-61.0
-59.8
-60.2
-58.7
-59.1
-61.8
-65.4
-62.4
-61.4
-61.1
-61.7
-61.2
-61.0
-61.0
-60.6
-60.1
-60.1
-60.0
-60.0
-60.1
-60.1
-60.0
