71.8
71.0
76.2
80.3
81.8
82.3
86.8
83.7
83.9
87.0
82.9
88.2
90.1
83.7
87.7
88.0
91.2
92.3
92.0
93.0
93.5
93.2
93.5
95.4
96.0
95.6
94.1
95.4
93.1
98.2
95.2
90.4
90.7
92.4
92.8
92.3
94.6
95.6
94.7
99.8
99.0
93.1
98.4
100.5
104.1
104.3
98.1
98.7
104.6
103.2
103.9
104.5
104.8
103.9
103.2
100.5
104.7
102.8
106.5
98.5
105.4
106.8
106.1
103.5
108.5
105.3
103.2
108.3
110.3
98.4
96.5
97.8
97.8
98.4
98.7
99.0
101.8
101.8
105.7
107.1
109.0
106.1
111.9
112.6
114.5
114.6
115.7
113.6
103.6
108.1
114.6
105.5
114.3
99.9
102.5
112.1
116.6
103.3
104.5
105.1
