-94.5
-90.1
-89.2
-84.6
-83.1
-78.8
-82.2
-81.1
-79.5
-78.1
-77.4
-74.3
-75.1
-69.3
-69.0
-67.7
-63.5
-63.7
-58.9
-61.3
-59.1
-58.2
-59.2
-57.2
-55.4
-55.5
-54.1
-53.5
-54.5
-51.2
-52.7
-51.1
-49.4
-49.0
-49.7
-50.3
-47.9
-49.7
-48.2
-48.0
-47.1
-47.1
-46.0
-44.7
-43.0
-44.9
-45.7
-41.0
-44.0
-43.1
-43.0
-42.8
-41.0
-41.1
-38.9
-41.7
-41.0
-44.1
-40.0
-45.5
-39.5
-39.3
-40.1
-39.8
-39.2
-45.8
-41.3
-37.8
-38.5
-39.3
-41.7
-40.1
-40.3
-39.7
-38.4
-39.2
-39.6
-40.3
-37.3
-37.7
-37.6
-38.9
-38.2
-39.1
-35.1
-35.5
-35.5
-37.2
-42.2
-56.2
-46.8
-54.3
-52.7
-50.4
-46.2
-47.4
-41.2
-50.1
-43.4
-66.0
