-89.6
-83.2
-72.8
-71.2
-68.8
-65.4
-63.0
-64.1
-63.6
-61.2
-60.1
-59.5
-60.5
-56.7
-57.3
-58.5
-55.2
-56.7
-55.4
-53.6
-53.0
-53.0
-55.1
-54.4
-53.9
-52.2
-52.6
-50.0
-49.5
-47.6
-49.2
-45.0
-46.5
-43.8
-44.0
-43.3
-42.1
-44.4
-43.9
-42.9
-42.2
-41.0
-41.0
-40.8
-41.5
-40.8
-37.1
-38.6
-38.4
-41.0
-40.2
-40.1
-38.9
-38.6
-37.2
-35.1
-34.9
-36.6
-36.4
-37.5
-34.2
-37.8
-34.2
-34.1
-32.7
-39.8
-31.3
-31.4
-33.5
-33.4
-34.3
-37.4
-31.8
-29.9
-29.1
-29.6
-30.1
-29.9
-28.9
-28.4
-28.6
-30.2
-32.1
-34.9
-34.5
-30.9
-35.2
-36.2
-28.0
-28.9
-28.2
-27.5
-26.9
-29.3
-29.4
-36.1
-31.9
-45.4
-38.0
-41.6
