81.0
83.0
81.3
81.6
81.5
82.8
83.2
83.9
82.5
85.8
86.7
85.5
87.7
87.5
89.1
88.7
90.1
89.5
90.9
90.8
90.9
91.1
90.6
91.3
93.9
93.8
95.6
96.8
94.9
97.4
98.9
97.9
100.2
102.3
100.4
101.4
101.0
102.6
103.1
104.0
104.0
106.2
108.5
106.6
104.6
107.8
108.0
110.5
108.4
108.1
111.0
110.1
109.8
109.9
111.3
112.5
109.0
109.8
112.4
114.0
114.2
113.5
113.9
114.1
113.5
112.1
114.4
114.5
114.1
112.1
115.4
115.0
115.4
116.3
113.9
110.4
114.0
114.9
115.2
115.1
115.6
117.4
118.5
119.1
119.4
120.1
120.9
119.4
118.6
116.4
109.7
119.3
120.6
121.4
120.9
121.7
122.1
122.0
122.7
122.6
