84.4
91.6
81.3
78.7
83.0
90.9
102.4
104.6
109.7
113.0
119.4
119.7
116.0
121.6
134.6
128.6
129.0
131.8
135.8
135.7
137.2
138.2
139.2
138.5
138.5
138.6
139.6
146.1
143.8
146.1
148.3
150.9
151.1
151.8
151.5
150.4
154.9
153.7
156.2
156.3
156.5
157.4
157.6
158.4
160.2
162.2
159.2
161.7
162.2
162.6
161.6
163.1
164.2
164.1
167.5
166.2
165.7
165.6
168.4
169.8
166.7
168.7
168.0
171.3
168.2
169.1
172.8
171.8
169.1
174.1
173.0
173.7
174.4
175.1
176.0
175.7
175.7
175.5
178.8
181.6
183.8
190.3
176.9
173.6
175.5
177.8
180.0
183.9
188.3
183.7
161.8
167.4
175.5
176.5
179.1
193.7
192.7
191.9
176.8
177.1
