70.0
77.4
79.9
91.8
96.5
100.6
107.8
111.4
116.6
116.9
121.3
121.0
122.8
123.2
126.6
126.3
122.2
121.1
125.0
124.5
129.8
128.0
139.8
141.5
128.9
142.0
143.8
147.1
144.4
148.9
146.7
144.1
140.0
154.7
152.6
152.7
153.5
151.1
154.7
153.8
156.4
158.0
154.2
158.2
158.1
140.4
144.5
148.8
144.5
149.8
149.8
153.4
154.5
162.1
166.2
166.5
170.6
171.5
164.5
151.9
160.8
170.8
169.1
170.9
173.7
158.7
170.0
154.6
156.6
159.4
164.0
163.7
166.7
170.3
167.8
173.1
170.0
173.3
174.0
169.6
179.1
178.2
179.7
177.9
183.9
185.0
186.9
176.8
164.9
179.5
174.3
177.0
173.5
170.3
187.6
187.3
162.8
168.4
157.5
169.0
