68.9
68.1
69.9
70.6
72.9
70.2
74.5
75.6
75.4
76.0
76.5
83.0
82.6
85.2
86.0
83.2
86.7
86.3
85.1
86.7
90.0
88.8
86.1
89.6
91.0
89.9
90.0
91.0
91.6
91.6
93.0
94.1
93.2
93.3
95.2
96.9
96.9
98.6
99.9
99.7
102.0
102.5
103.1
103.6
105.0
105.7
104.8
107.3
108.3
109.0
109.5
111.3
113.2
114.9
113.5
116.3
116.0
118.5
118.2
119.1
120.1
121.8
121.6
122.1
123.5
124.2
123.9
124.2
123.3
124.8
121.7
125.1
124.9
123.9
124.8
126.9
126.9
125.1
128.8
127.6
124.0
127.8
128.1
124.6
127.5
126.9
123.9
127.7
127.9
131.7
130.8
125.3
131.6
132.0
127.1
120.9
124.4
126.0
127.8
129.9
