59.0
68.0
65.4
67.1
71.0
65.6
70.3
71.5
75.0
83.6
86.0
83.9
90.6
87.0
92.8
94.5
91.7
94.7
95.2
92.0
102.2
104.3
88.0
102.0
104.8
105.2
103.1
102.0
92.0
102.4
104.0
105.5
105.7
111.1
106.6
102.8
110.2
107.6
106.0
113.6
114.2
115.4
116.1
117.8
115.9
115.5
119.4
119.2
111.5
120.4
122.3
122.6
123.9
121.6
123.4
116.5
120.2
124.8
122.9
123.3
124.2
126.9
125.8
126.2
123.1
129.0
127.4
131.8
130.4
119.5
117.5
124.8
124.3
122.6
127.7
128.2
130.0
130.5
127.5
128.6
134.6
127.5
110.1
124.9
132.7
115.9
118.8
131.5
131.4
124.3
121.9
121.2
126.0
123.3
118.3
123.7
126.5
126.3
128.0
130.4
