60.8
69.7
67.0
69.3
69.1
70.3
74.9
81.0
77.8
78.8
81.4
83.2
81.7
86.2
92.2
89.8
89.5
90.3
92.2
93.9
96.2
98.0
93.6
98.8
95.7
97.4
98.2
99.7
101.6
102.3
102.2
104.0
105.4
101.4
102.1
104.4
105.1
105.6
106.9
108.0
108.3
113.6
110.3
65.0
98.0
95.0
95.1
96.7
97.4
99.9
101.2
103.4
104.4
105.7
106.2
106.0
105.2
105.0
107.3
106.8
108.8
110.9
110.8
104.5
106.3
106.4
107.0
107.5
108.7
110.1
110.5
110.6
111.6
111.4
111.3
111.0
111.0
110.1
111.2
111.7
112.4
112.5
112.1
112.7
112.3
112.3
112.2
112.8
113.2
113.0
112.6
113.5
113.7
113.1
111.6
114.1
113.8
114.2
112.8
113.8
