65.4
59.1
60.7
71.2
77.8
74.0
79.7
77.0
80.7
83.5
88.5
89.5
88.8
90.8
89.4
91.3
92.7
94.5
92.6
92.7
93.3
94.0
93.7
95.3
95.6
95.3
97.2
96.9
98.8
100.2
100.4
100.7
99.7
103.0
102.4
104.9
101.1
103.0
104.0
104.6
107.5
107.2
108.8
109.3
110.7
111.1
110.1
110.3
110.5
111.5
109.2
108.0
109.5
112.3
112.7
111.4
112.3
112.7
114.8
116.8
118.4
118.6
118.6
120.2
111.5
108.9
114.6
114.7
117.7
115.9
119.9
118.3
109.6
119.4
114.8
115.6
123.2
127.0
124.6
116.0
122.2
116.5
121.1
122.8
125.4
121.7
126.9
126.9
124.5
122.7
111.9
130.3
115.4
110.3
117.8
128.7
90.4
125.2
122.1
129.9
