66.1
63.4
71.3
71.2
70.7
73.6
73.5
73.8
77.0
77.4
75.8
76.7
76.9
76.9
79.6
79.5
81.5
81.1
81.5
84.2
83.4
83.6
81.0
84.3
84.8
85.6
86.0
85.3
84.8
86.3
87.4
88.1
88.3
87.8
89.0
88.4
88.4
89.1
89.4
89.6
90.2
90.9
90.4
91.8
91.1
91.5
92.0
92.1
93.1
93.3
93.4
93.0
92.9
94.0
93.6
93.8
94.0
94.2
94.7
94.8
95.1
94.8
94.6
95.4
95.1
94.9
95.6
95.6
95.5
95.5
95.8
96.3
96.9
97.0
97.4
97.5
97.3
97.6
97.8
98.2
98.2
98.1
98.5
98.4
98.2
98.4
98.5
98.9
98.8
98.8
99.0
98.7
98.3
99.2
99.3
99.6
101.2
101.0
100.5
100.4
