-100.9
-101.5
-100.0
-100.2
-98.0
-91.0
-92.7
-84.0
-82.4
-75.2
-83.3
-78.4
-80.2
-80.3
-73.2
-71.4
-74.3
-81.3
-84.7
-82.8
-80.0
-86.0
-77.5
-86.2
-78.2
-79.5
-79.4
-74.8
-74.8
-71.7
-69.0
-68.1
-69.8
-68.5
-63.4
-71.9
-69.3
-66.4
-62.4
-62.0
-60.0
-69.0
-66.3
-64.8
-67.4
-77.7
-77.2
-75.6
-71.5
-75.2
-76.2
-86.3
-83.0
-78.8
-82.9
-77.4
-79.7
-75.3
-73.3
-70.4
-67.8
-65.7
-66.2
-63.1
-69.4
-83.9
-55.4
-55.4
-52.0
-49.0
-48.6
-48.0
-44.9
-45.6
-45.3
-44.5
-44.2
-44.3
-43.6
-42.2
-42.6
-42.2
-40.9
-41.5
-40.8
-40.0
-39.2
-39.5
-39.8
-38.7
-38.9
-38.8
-38.4
-38.8
-38.7
-38.5
-38.0
-38.1
-38.0
-38.0
