-87.9
-82.8
-84.0
-79.3
-78.4
-79.0
-79.6
-77.1
-76.8
-75.5
-73.7
-75.5
-75.6
-73.6
-75.4
-74.3
-73.3
-74.2
-72.4
-73.2
-72.2
-71.9
-70.9
-71.7
-71.4
-71.0
-70.4
-70.5
-70.9
-69.5
-69.6
-70.1
-69.4
-69.1
-69.1
-69.1
-68.4
-68.6
-67.9
-67.9
-67.9
-67.7
-67.1
-67.4
-66.4
-66.9
-67.0
-66.8
-66.7
-66.8
-66.5
-66.3
-66.4
-65.8
-65.8
-66.1
-65.9
-65.6
-65.0
-65.3
-65.2
-65.5
-65.1
-64.8
-64.6
-65.1
-65.5
-65.3
-64.9
-65.0
-64.4
-65.1
-65.1
-64.7
-64.9
-64.7
-64.6
-64.4
-64.2
-64.2
-64.4
-64.1
-64.1
-64.1
-64.2
-64.0
-64.2
-64.1
-64.0
-64.1
-64.0
-64.1
-64.0
-64.0
-64.0
-64.0
-64.0
-64.0
-64.0
-64.0
