63.5
69.2
73.7
73.0
73.6
74.7
78.6
79.7
80.0
80.6
81.9
81.6
82.5
83.5
83.9
83.0
84.5
85.2
83.6
86.3
86.9
87.8
87.6
88.1
88.9
88.6
89.3
89.6
90.0
90.8
89.9
91.2
91.9
92.7
92.0
93.1
93.4
93.4
93.5
93.9
94.1
94.4
95.1
94.8
95.4
95.7
95.6
95.8
95.8
95.9
96.2
96.3
96.5
96.3
97.2
97.0
97.1
97.3
97.4
97.5
97.6
97.6
97.7
97.7
97.8
97.8
97.9
97.8
98.0
98.2
98.5
98.7
98.8
98.8
98.8
98.9
98.9
98.8
98.9
98.9
98.9
99.0
98.9
98.9
98.9
98.9
99.0
98.9
98.9
99.0
99.0
99.0
99.0
99.0
99.0
99.0
99.0
99.0
99.0
99.0
