-105.3
-96.6
-87.3
-81.0
-81.5
-77.4
-74.5
-77.1
-74.6
-77.2
-73.5
-73.2
-71.5
-71.1
-68.6
-66.5
-66.0
-63.3
-64.2
-61.2
-59.9
-61.7
-59.2
-60.1
-58.1
-57.1
-55.7
-55.9
-52.3
-52.1
-52.8
-51.9
-53.2
-57.2
-56.9
-54.6
-50.9
-48.4
-46.9
-51.2
-55.0
-50.7
-47.1
-50.4
-48.6
-44.8
-46.5
-46.4
-46.5
-44.8
-44.2
-42.0
-43.2
-39.6
-37.1
-37.8
-38.5
-46.2
-52.1
-44.4
-42.5
-37.3
-38.6
-37.5
-37.9
-41.1
-54.1
-46.6
-45.2
-36.6
-46.1
-43.6
-50.7
-48.1
-36.6
-40.5
-43.8
-37.8
-35.5
-33.4
-33.1
-36.7
-42.6
-40.0
-36.5
-35.6
-36.9
-41.4
-34.8
-34.9
-33.7
-33.8
-32.7
-35.8
-37.9
-37.8
-37.7
-37.7
-37.2
-35.9
