63.9
76.4
80.9
86.2
93.1
94.4
99.6
103.8
102.0
110.5
104.6
118.0
116.8
123.9
122.9
127.0
124.4
129.5
130.4
129.5
129.8
133.2
136.9
130.7
137.0
141.5
142.8
143.8
144.8
150.3
145.6
149.2
153.1
152.0
151.7
155.2
155.8
159.4
158.4
137.0
153.2
144.9
127.3
145.7
159.1
157.7
158.3
160.4
156.2
161.0
157.9
162.3
159.7
150.9
161.5
156.7
158.4
156.8
160.5
156.5
164.1
155.9
157.5
164.4
161.8
153.6
156.0
169.2
170.9
114.1
111.7
116.6
143.6
156.1
155.8
124.6
162.7
173.0
166.5
159.9
179.5
176.2
177.5
180.1
168.8
149.4
152.5
159.4
172.1
162.8
176.2
185.9
169.0
118.4
164.2
170.9
177.5
176.6
177.8
167.2
