-94.9
-94.6
-87.9
-87.1
-84.9
-85.8
-88.3
-84.1
-87.3
-83.1
-84.7
-85.5
-81.8
-81.9
-80.2
-80.7
-80.7
-80.4
-81.8
-79.6
-77.8
-77.9
-78.6
-78.6
-76.2
-76.3
-78.1
-76.2
-75.6
-73.5
-73.5
-74.2
-72.8
-73.2
-72.6
-71.9
-71.4
-71.5
-70.8
-70.6
-70.2
-70.1
-69.8
-69.8
-69.2
-69.2
-69.1
-68.7
-68.6
-68.7
-68.8
-68.1
-68.2
-68.4
-68.1
-68.1
-68.1
-68.0
-67.8
-67.8
-67.6
-67.5
-67.6
-67.4
-67.6
-67.2
-67.4
-67.4
-67.3
-67.3
-67.2
-67.3
-67.3
-67.4
-67.2
-67.1
-67.2
-67.2
-67.2
-67.1
-67.1
-67.2
-67.2
-67.1
-67.1
-67.1
-67.1
-67.0
-67.0
-67.1
-67.0
-67.0
-67.0
-67.0
-67.0
-67.0
-67.0
-67.0
-67.0
-67.0
