-78.4
-86.6
-79.4
-76.5
-81.1
-79.6
-71.5
-65.2
-68.6
-64.5
-60.0
-59.4
-56.5
-56.6
-53.9
-54.6
-52.7
-53.8
-53.7
-53.0
-51.1
-53.4
-48.8
-48.7
-47.7
-48.5
-48.0
-48.8
-47.0
-46.2
-45.8
-46.0
-45.5
-44.6
-44.0
-46.3
-46.4
-44.3
-45.8
-43.5
-43.2
-44.2
-44.3
-44.6
-42.5
-42.3
-42.1
-42.1
-41.5
-43.8
-41.5
-42.2
-41.7
-42.0
-40.9
-41.5
-39.9
-40.5
-40.8
-40.9
-40.1
-38.6
-38.5
-39.8
-37.7
-37.8
-37.3
-37.3
-42.1
-39.4
-38.4
-35.6
-41.1
-43.2
-40.0
-38.8
-35.4
-40.0
-39.2
-36.8
-36.5
-35.5
-36.6
-37.3
-34.7
-34.6
-35.0
-37.4
-32.9
-32.5
-40.4
-40.4
-32.5
-43.3
-36.1
-33.7
-30.3
-31.5
-34.8
-31.5
