-94.1
-75.2
-65.7
-59.8
-60.5
-70.5
-55.0
-45.9
-41.7
-39.2
-38.5
-36.3
-36.2
-32.4
-34.1
-32.9
-31.3
-32.3
-30.5
-30.3
-33.7
-30.4
-28.4
-31.1
-30.1
-29.0
-29.3
-28.5
-26.6
-29.0
-26.0
-27.5
-26.1
-25.2
-27.8
-25.0
-25.7
-30.4
-25.9
-23.0
-25.6
-21.8
-24.1
-24.5
-24.3
-22.6
-20.9
-22.0
-23.3
-25.5
-20.4
-21.0
-22.5
-19.7
-21.0
-22.4
-20.9
-20.7
-20.2
-21.1
-20.8
-20.8
-20.5
-17.8
-17.6
-19.7
-18.1
-17.9
-17.5
-16.4
-16.0
-17.5
-26.0
-27.0
-20.0
-19.7
-20.1
-18.6
-18.2
-18.6
-17.8
-16.8
-16.0
-19.8
-17.6
-16.0
-17.0
-16.0
-16.4
-17.7
-18.0
-17.0
-17.2
-17.3
-16.8
-16.2
-14.5
-18.7
-18.1
-18.2
