-101.4
-107.3
-102.7
-95.6
-92.9
-95.9
-98.3
-98.3
-92.1
-90.9
-93.3
-90.5
-90.8
-88.8
-83.3
-83.8
-79.9
-77.1
-79.7
-76.8
-75.1
-75.7
-71.9
-68.3
-71.6
-62.8
-66.4
-62.6
-67.7
-65.7
-66.4
-64.7
-64.8
-63.5
-63.7
-63.0
-59.8
-57.6
-57.2
-55.4
-60.6
-57.4
-54.6
-53.9
-54.5
-51.8
-50.9
-49.7
-49.9
-47.6
-52.5
-47.0
-46.1
-43.6
-44.4
-45.8
-49.3
-49.4
-44.0
-43.5
-41.2
-39.2
-39.9
-38.9
-40.8
-37.8
-38.3
-38.4
-39.3
-38.9
-37.8
-40.1
-37.3
-36.3
-36.1
-34.4
-34.0
-34.2
-36.4
-35.0
-38.1
-35.2
-33.7
-34.6
-34.2
-45.8
-50.3
-43.5
-42.0
-38.5
-38.8
-37.7
-37.3
-36.6
-36.6
-35.0
-34.9
-36.2
-37.5
-34.2
