-91.5
-88.4
-81.9
-82.9
-80.8
-81.6
-83.0
-80.7
-79.3
-79.3
-79.6
-80.8
-79.2
-80.1
-79.8
-79.7
-78.9
-78.9
-77.4
-77.3
-77.9
-77.0
-75.8
-76.7
-76.5
-75.8
-75.4
-74.6
-74.5
-73.3
-73.0
-71.5
-71.8
-71.2
-71.1
-70.9
-70.7
-70.1
-70.1
-69.8
-70.1
-69.5
-69.3
-68.8
-69.1
-68.2
-68.9
-68.3
-68.9
-68.1
-68.2
-68.1
-67.9
-67.7
-67.7
-67.6
-67.2
-67.1
-66.7
-66.9
-66.9
-66.9
-66.8
-66.9
-66.6
-66.5
-66.4
-66.3
-66.3
-66.7
-66.5
-66.2
-66.2
-66.2
-66.2
-66.2
-66.3
-66.4
-66.3
-66.1
-66.1
-66.1
-66.1
-66.0
-66.1
-66.1
-66.1
-66.1
-66.0
-66.0
-66.0
-66.0
-66.0
-66.0
-66.0
-66.0
-66.0
-66.0
-66.0
-66.0
