-90.1
-94.5
-88.9
-88.2
-87.0
-84.9
-82.1
-82.1
-82.6
-79.1
-77.9
-77.3
-76.0
-76.0
-77.8
-75.5
-74.2
-75.9
-73.1
-74.2
-73.0
-72.7
-72.3
-72.7
-71.6
-71.0
-70.4
-70.2
-70.0
-69.5
-69.4
-68.7
-69.0
-67.1
-67.4
-66.8
-66.6
-66.3
-65.5
-66.1
-66.1
-65.2
-65.3
-64.5
-65.2
-64.7
-64.9
-64.3
-64.3
-64.2
-63.8
-64.0
-63.7
-63.4
-63.2
-62.5
-62.4
-62.3
-62.3
-62.2
-63.0
-61.9
-61.8
-62.2
-61.6
-62.0
-61.0
-60.8
-60.4
-60.4
-60.4
-59.9
-60.1
-60.1
-61.0
-60.9
-60.5
-60.5
-60.4
-60.2
-60.0
-59.8
-59.8
-60.3
-60.9
-62.9
-62.4
-62.3
-60.8
-60.2
-61.1
-61.8
-59.6
-59.2
-59.1
-59.0
-59.1
-59.0
-59.0
-59.1
