-86.3
-87.7
-89.0
-80.5
-77.7
-71.8
-69.6
-66.7
-64.5
-63.3
-66.0
-64.3
-61.2
-59.3
-58.0
-56.1
-60.0
-55.3
-60.9
-60.4
-56.3
-54.6
-53.7
-56.3
-56.1
-54.9
-55.0
-55.0
-55.4
-56.0
-52.2
-50.3
-50.0
-49.3
-47.0
-49.7
-47.9
-47.6
-47.2
-46.3
-47.1
-43.4
-44.0
-43.8
-43.5
-42.8
-43.1
-41.3
-54.3
-51.2
-48.4
-45.0
-45.6
-45.5
-43.9
-41.5
-43.3
-38.6
-38.9
-38.7
-36.9
-40.4
-46.5
-37.4
-36.5
-40.3
-43.2
-53.2
-42.8
-43.1
-44.7
-38.6
-38.6
-41.0
-38.2
-37.7
-40.4
-39.0
-41.0
-50.6
-47.6
-48.8
-47.5
-46.6
-44.3
-43.7
-44.1
-43.2
-42.5
-41.8
-42.5
-42.5
-42.2
-42.5
-43.2
-43.2
-47.2
-47.2
-42.2
-41.0
