61.4
60.8
67.9
68.2
66.4
73.9
69.5
75.4
73.0
72.5
70.3
73.6
74.0
75.3
79.0
79.8
82.5
80.9
80.8
84.3
80.5
82.3
87.3
86.0
86.6
88.7
86.3
90.0
90.3
89.9
92.0
91.4
93.5
93.1
94.1
95.5
95.5
95.6
95.8
98.3
98.5
98.0
98.9
98.0
99.6
99.5
99.4
101.8
100.5
100.9
100.4
102.1
101.7
102.7
103.2
103.6
105.4
105.0
105.9
108.1
108.9
109.2
110.2
110.1
105.6
111.0
111.3
112.4
110.8
113.2
114.8
114.6
114.1
113.4
114.5
112.2
114.0
109.4
114.3
115.3
115.7
116.2
115.5
116.5
116.7
116.6
117.3
117.2
117.4
117.4
117.7
113.8
102.2
112.5
115.7
116.2
116.5
116.8
117.6
117.9
