56.2
66.2
63.3
67.9
70.6
72.4
71.6
73.1
75.0
75.6
76.1
77.0
77.3
77.8
76.4
78.7
78.5
79.6
79.3
79.6
79.3
80.6
80.0
80.9
82.1
81.4
82.0
81.6
82.6
83.7
83.1
82.9
84.4
84.8
84.4
85.7
84.9
85.3
86.3
86.5
87.5
87.6
88.8
87.7
88.9
89.7
89.3
89.4
89.7
91.2
91.5
91.6
92.1
91.8
92.7
93.0
93.5
94.6
94.4
94.3
96.1
96.6
96.9
95.7
97.0
95.9
96.0
96.9
96.5
96.5
99.2
99.1
99.2
100.4
100.5
100.8
99.9
97.2
97.6
98.6
99.2
99.8
99.1
101.4
102.0
101.1
100.1
99.5
93.3
94.9
95.7
96.6
97.5
98.2
98.3
99.2
100.2
101.6
102.4
103.2
