70.3
75.3
88.1
90.3
98.9
108.1
116.7
117.1
106.9
118.9
120.9
130.9
130.4
128.8
132.8
137.6
139.3
139.4
142.2
137.2
137.8
134.5
142.0
143.5
147.4
137.4
144.6
144.4
143.4
149.1
144.8
146.7
144.0
146.5
147.5
149.9
152.3
144.9
149.9
153.2
147.8
148.2
152.7
152.3
156.8
154.8
163.2
160.4
133.4
153.1
152.6
156.4
150.1
138.1
141.6
151.8
138.6
138.4
147.8
147.1
148.2
158.2
160.3
161.3
159.9
162.0
165.2
165.6
165.9
166.6
166.1
164.6
163.1
164.8
169.2
167.4
159.1
170.3
171.3
158.4
154.8
162.0
161.7
160.3
164.1
166.4
169.3
171.3
161.2
171.7
172.7
152.8
161.0
163.2
163.8
163.4
165.2
166.0
167.3
166.3
