-98.0
-93.2
-99.9
-90.9
-89.4
-87.1
-86.1
-80.4
-76.5
-79.2
-73.8
-74.5
-71.0
-69.4
-70.3
-68.7
-65.8
-68.6
-71.4
-69.6
-67.6
-64.7
-66.9
-65.4
-67.1
-66.5
-63.7
-62.2
-61.5
-63.7
-64.7
-62.5
-59.2
-57.7
-56.4
-54.8
-54.3
-54.9
-55.2
-52.6
-50.3
-48.4
-45.9
-47.0
-44.6
-42.5
-42.4
-44.5
-41.4
-43.3
-39.5
-40.5
-39.2
-37.9
-37.2
-37.5
-34.6
-37.9
-32.5
-31.7
-33.3
-32.3
-32.5
-31.2
-30.3
-28.2
-28.8
-28.0
-28.1
-29.7
-29.1
-26.7
-26.0
-28.0
-34.7
-32.8
-28.2
-29.1
-24.7
-26.8
-30.7
-26.4
-26.5
-31.1
-25.9
-25.4
-25.0
-31.0
-24.0
-23.7
-23.0
-23.5
-23.1
-22.9
-24.2
-23.9
-23.3
-27.9
-26.3
-24.0
