65.2
67.8
65.0
69.4
74.7
71.2
71.3
72.6
73.9
75.0
77.2
78.8
78.1
79.2
82.6
82.3
84.6
84.5
86.3
86.7
86.9
86.8
89.4
87.6
89.1
89.2
92.9
91.2
91.0
93.0
93.2
94.3
93.4
94.5
94.7
95.4
95.7
95.5
95.7
97.4
99.2
99.2
99.3
98.8
99.5
99.3
99.9
99.6
100.5
101.5
101.4
101.6
101.8
102.7
101.7
102.5
102.0
102.6
102.8
102.9
102.8
102.8
103.0
103.6
103.4
103.4
104.0
103.8
103.6
103.8
104.0
103.9
104.3
104.6
104.1
104.6
104.7
104.6
104.5
104.5
104.5
104.8
104.6
104.8
105.0
104.9
104.7
104.8
104.9
105.0
104.8
105.0
105.0
105.0
105.0
105.0
105.0
105.0
104.9
105.0
