70.3
75.9
83.6
84.6
87.0
84.7
91.5
89.9
91.8
92.1
95.6
94.4
96.8
96.4
96.1
97.1
96.8
98.3
98.3
99.1
100.1
99.8
101.2
100.4
102.5
101.9
103.2
104.5
103.1
106.2
104.2
103.9
105.7
105.9
105.9
106.5
105.7
106.8
106.0
108.1
109.3
108.7
108.6
109.4
110.4
110.0
110.7
110.3
111.2
111.2
111.3
111.6
111.3
112.0
112.4
111.8
112.5
112.3
112.7
112.9
112.9
113.1
113.5
113.4
114.0
113.6
113.7
114.8
114.2
114.5
115.0
115.0
115.0
115.1
115.9
116.0
116.1
115.6
116.1
116.0
116.2
116.4
116.5
116.8
116.7
116.6
116.7
116.8
117.2
117.1
117.2
117.4
117.3
117.1
117.5
117.7
117.4
117.4
117.4
117.6
