61.2
71.4
83.3
91.6
90.9
91.4
106.8
114.2
110.2
115.3
119.3
123.2
121.6
117.0
119.7
127.7
133.2
137.4
138.5
135.8
139.7
145.5
142.8
142.2
141.6
143.4
151.6
143.3
146.1
145.1
145.7
143.8
144.8
145.4
144.3
146.0
146.8
149.8
148.6
151.2
145.9
148.9
151.0
152.3
155.0
154.8
154.9
154.8
152.5
154.1
157.1
158.2
159.2
158.7
162.9
160.1
158.0
159.1
161.7
162.7
161.0
162.7
164.7
163.1
165.7
165.8
165.8
168.8
164.0
171.4
169.6
169.4
172.6
174.3
175.1
164.2
167.2
166.7
162.8
162.6
171.4
179.1
186.0
149.5
145.9
145.5
145.0
145.6
145.6
146.8
146.5
147.8
147.9
147.5
149.7
154.9
164.6
158.1
163.9
168.5
