-95.4
-93.3
-88.8
-83.6
-76.6
-71.3
-64.9
-68.2
-60.7
-63.2
-65.5
-66.2
-61.7
-63.4
-56.8
-52.6
-58.0
-58.9
-49.3
-49.2
-48.3
-46.4
-44.9
-46.6
-47.0
-46.8
-44.5
-48.6
-42.2
-41.4
-39.0
-39.8
-38.5
-38.2
-35.8
-38.4
-38.0
-34.7
-35.1
-34.0
-33.1
-32.0
-32.0
-29.5
-34.1
-31.8
-28.8
-28.9
-29.0
-28.7
-27.6
-26.2
-27.3
-31.3
-28.6
-25.7
-25.5
-27.1
-31.3
-25.0
-26.4
-24.7
-23.4
-25.3
-25.5
-25.1
-25.5
-23.9
-24.0
-24.5
-24.0
-24.7
-25.4
-27.0
-35.0
-27.8
-27.0
-27.8
-23.4
-23.7
-23.3
-22.8
-24.2
-30.0
-26.9
-24.0
-21.8
-21.3
-22.2
-23.2
-22.4
-22.8
-22.0
-22.0
-20.8
-23.8
-20.9
-31.4
-22.8
-22.8
