78.7
85.6
80.1
82.8
87.4
94.4
102.1
101.7
103.8
112.9
107.0
112.7
116.0
116.8
117.2
119.5
117.9
123.8
126.1
127.8
127.6
125.3
130.1
129.3
134.1
139.0
131.6
141.6
138.8
140.0
138.4
139.8
139.4
144.0
146.6
145.7
145.4
147.4
146.5
152.8
153.0
149.5
150.4
148.3
144.3
148.2
151.7
151.2
154.0
157.5
166.3
159.4
160.8
161.2
160.7
164.5
165.0
164.6
151.6
162.4
168.0
159.2
167.1
170.5
166.7
168.1
167.1
158.7
161.3
159.0
165.6
169.1
154.3
152.4
160.8
156.8
161.5
159.5
163.4
165.3
178.3
182.2
182.5
180.7
187.8
184.9
178.1
173.8
175.9
184.5
161.6
181.8
192.4
191.0
176.1
190.0
151.3
183.9
195.0
192.0
