78.9
91.2
96.5
112.9
116.0
128.2
125.1
133.7
140.5
153.1
152.3
143.0
142.9
150.1
154.0
157.0
157.5
158.5
149.5
159.2
166.2
163.9
165.3
172.3
166.8
172.3
152.0
172.1
179.5
163.9
183.0
190.2
183.4
157.3
178.0
174.1
179.5
179.2
182.3
181.7
183.7
192.5
175.3
176.8
188.6
185.6
176.5
188.9
154.4
151.2
162.5
191.2
182.7
185.0
170.5
185.0
179.7
185.2
172.2
184.0
175.5
183.8
184.2
196.6
141.5
181.0
190.8
178.5
180.3
193.2
198.0
188.9
189.7
183.6
195.1
192.7
178.2
182.6
179.2
173.1
178.6
180.1
183.8
184.5
176.1
147.9
174.9
173.6
175.4
177.5
176.2
180.1
161.8
187.8
176.0
181.8
176.8
183.2
180.0
191.9
