-87.0
-82.3
-80.2
-78.8
-78.2
-76.6
-77.2
-71.0
-71.0
-72.0
-69.0
-64.8
-65.3
-65.8
-64.8
-59.1
-61.0
-60.0
-58.6
-60.4
-58.7
-55.9
-56.2
-55.3
-55.1
-53.2
-54.1
-51.0
-51.3
-50.5
-50.3
-51.1
-50.2
-48.9
-48.4
-50.5
-49.0
-45.5
-46.6
-48.0
-46.1
-46.6
-46.0
-46.0
-45.7
-43.7
-44.9
-43.6
-42.5
-42.0
-42.8
-42.3
-41.2
-40.0
-40.0
-40.8
-39.0
-38.4
-38.0
-38.3
-37.6
-37.9
-37.3
-37.9
-36.7
-35.9
-34.8
-34.5
-34.5
-33.1
-35.6
-34.0
-35.0
-34.5
-32.7
-33.5
-32.6
-32.1
-32.3
-32.2
-31.6
-30.3
-31.6
-30.0
-32.1
-30.0
-29.2
-30.1
-27.8
-30.3
-28.3
-27.2
-30.6
-30.3
-31.3
-32.6
-28.2
-26.8
-26.9
-30.0
