-102.0
-103.8
-100.7
-105.5
-98.6
-97.2
-95.1
-94.0
-93.5
-88.8
-84.1
-87.9
-74.5
-70.3
-67.8
-65.7
-60.6
-60.3
-61.7
-54.3
-56.7
-55.5
-54.5
-53.0
-47.1
-48.3
-47.6
-45.7
-45.2
-42.7
-43.6
-44.6
-42.9
-42.3
-43.0
-41.6
-39.1
-38.7
-39.5
-37.3
-35.8
-38.2
-36.4
-47.1
-42.6
-39.8
-40.9
-40.4
-39.0
-35.7
-34.2
-35.6
-39.3
-38.2
-37.5
-34.0
-33.6
-33.0
-33.5
-31.9
-29.8
-30.2
-30.3
-29.8
-29.2
-27.2
-25.4
-26.5
-28.8
-25.9
-25.1
-25.7
-28.0
-23.4
-23.4
-22.4
-28.6
-26.9
-26.2
-23.9
-25.8
-30.0
-24.1
-23.5
-26.8
-26.5
-34.7
-36.2
-28.6
-23.9
-22.3
-22.3
-23.5
-23.5
-23.7
-23.1
-21.9
-22.3
-21.9
-21.6
