-98.4
-93.9
-88.0
-90.0
-83.1
-83.9
-83.1
-80.9
-82.1
-80.5
-80.6
-77.4
-81.4
-79.8
-76.5
-76.9
-77.4
-74.6
-74.4
-74.2
-73.8
-77.9
-74.1
-70.1
-69.2
-70.3
-72.0
-69.2
-69.9
-68.2
-67.0
-64.2
-65.0
-61.2
-66.0
-56.8
-55.7
-55.7
-53.9
-52.8
-51.5
-52.5
-52.3
-48.8
-48.0
-48.9
-49.7
-49.0
-47.7
-45.2
-46.3
-43.8
-45.3
-42.5
-42.4
-40.9
-40.6
-38.8
-39.0
-41.0
-40.8
-39.2
-40.0
-38.9
-36.7
-37.5
-36.0
-36.0
-37.8
-36.7
-38.5
-37.1
-35.9
-36.2
-34.2
-35.8
-34.5
-33.9
-33.6
-33.1
-32.7
-34.1
-33.2
-34.1
-34.9
-32.4
-32.4
-33.0
-32.8
-33.0
-39.0
-74.8
-48.9
-40.3
-40.9
-39.2
-38.0
-37.1
-36.5
-36.2
