76.5
79.2
82.0
81.9
82.0
84.4
84.7
86.1
85.5
84.5
85.8
86.3
88.1
86.7
87.2
87.0
87.2
87.9
90.6
91.2
92.1
93.8
93.6
96.9
98.2
98.9
99.1
99.9
99.0
102.6
102.5
104.5
103.7
105.3
105.1
105.4
106.8
106.5
104.8
107.9
107.1
108.3
108.4
109.1
110.0
109.6
109.6
109.7
110.5
111.3
111.5
112.1
110.9
111.8
111.6
111.6
112.3
113.1
113.1
113.5
113.3
114.0
113.8
114.1
114.1
113.9
114.7
115.2
115.2
115.0
115.2
115.3
115.4
115.8
115.5
115.7
116.3
116.5
116.5
116.5
116.4
116.2
116.5
116.6
116.7
116.6
116.5
116.9
117.1
117.3
117.2
117.2
117.3
117.5
117.5
117.4
117.7
117.7
117.7
117.7
