72.5
87.2
95.2
100.3
103.0
106.6
107.4
111.4
115.8
122.2
122.4
126.6
126.1
121.6
127.9
129.7
127.6
126.2
129.9
131.6
138.0
133.8
137.5
141.5
138.0
145.8
143.9
140.9
143.5
149.8
148.7
151.5
149.3
154.0
151.1
153.3
155.2
158.4
155.1
157.9
158.4
156.7
162.8
158.8
164.0
160.1
156.9
163.3
166.7
171.3
169.2
167.5
172.4
168.5
166.1
168.1
168.1
166.7
172.1
176.8
176.4
168.5
180.5
174.0
169.7
182.2
181.2
172.4
184.1
179.5
181.9
180.1
187.9
186.8
186.3
180.3
189.8
190.0
186.2
187.9
182.2
172.9
189.1
177.5
178.7
183.4
193.2
192.2
190.7
181.6
183.1
191.7
192.0
188.0
173.8
183.3
185.9
180.7
186.9
172.8
