-84.0
-85.0
-72.0
-69.8
-68.6
-73.0
-66.5
-60.3
-54.2
-59.1
-54.7
-51.7
-46.2
-48.1
-44.9
-42.7
-41.1
-39.0
-38.3
-39.6
-37.8
-35.1
-37.0
-34.3
-33.3
-33.5
-32.7
-31.3
-31.2
-31.7
-30.0
-30.4
-30.4
-29.7
-31.2
-28.9
-29.3
-30.9
-31.8
-29.1
-29.1
-28.9
-28.8
-29.0
-29.7
-28.4
-28.9
-28.8
-27.5
-27.6
-28.1
-24.9
-26.3
-25.8
-26.5
-25.0
-24.7
-25.3
-24.2
-25.0
-27.1
-23.7
-24.4
-22.2
-21.8
-22.1
-21.6
-22.5
-23.0
-20.6
-20.0
-21.5
-20.4
-25.0
-30.9
-26.5
-20.8
-21.5
-19.7
-20.1
-21.7
-20.1
-20.0
-18.8
-21.5
-19.5
-18.4
-18.0
-18.3
-18.8
-16.8
-23.3
-16.7
-18.8
-14.4
-16.4
-16.1
-16.3
-14.7
-13.5
