65.0
78.8
90.7
98.8
109.3
106.3
113.9
116.9
118.5
115.9
116.0
114.8
118.6
119.1
122.2
122.8
124.9
122.8
125.0
122.3
120.0
127.2
130.0
130.5
130.5
135.5
132.2
133.6
137.7
133.3
137.9
133.1
138.0
138.5
141.5
142.2
139.5
144.0
145.1
142.4
143.2
146.9
148.4
145.7
148.3
148.9
148.9
149.3
152.4
155.0
150.2
150.2
149.8
149.5
150.1
148.4
146.6
152.8
148.3
155.0
153.7
152.4
152.8
153.9
153.4
158.8
151.4
158.0
161.7
156.7
157.4
151.0
160.1
148.7
136.8
147.9
152.6
154.4
154.2
155.6
143.1
145.8
146.0
146.7
150.3
151.9
150.7
152.8
154.6
155.0
155.8
153.8
158.9
158.2
158.1
160.1
159.3
157.6
158.3
159.6
