77.2
85.7
89.9
90.3
91.9
94.3
95.1
94.6
96.9
98.6
101.7
102.5
102.0
107.6
106.3
108.0
108.7
111.3
110.9
111.8
114.4
115.6
116.1
115.5
117.8
116.2
120.2
120.7
120.3
124.9
124.7
125.5
125.8
128.2
124.7
128.1
128.8
131.3
131.3
131.2
130.0
131.9
134.2
131.9
133.1
136.5
134.1
138.4
138.7
129.9
139.2
123.2
136.1
122.4
132.8
119.0
137.7
139.0
142.1
142.4
144.5
143.6
145.5
143.3
134.3
135.2
125.1
135.0
141.9
141.3
143.7
135.2
142.3
140.9
144.3
139.9
142.2
142.5
143.0
143.2
137.7
130.4
137.7
139.7
141.8
143.3
139.9
141.5
146.0
139.0
144.4
145.8
145.1
144.6
144.5
146.1
147.0
143.0
142.6
145.9
