59.9
67.8
65.8
65.8
68.1
68.7
70.5
72.4
72.2
75.1
77.3
86.0
90.8
95.9
99.8
111.4
119.4
123.3
126.9
132.4
134.8
142.7
144.7
145.7
146.3
149.3
150.8
156.0
159.7
146.3
155.5
143.6
159.0
162.9
162.5
149.1
157.5
157.2
154.3
152.2
163.2
160.6
158.4
145.4
162.2
164.0
166.5
174.3
159.8
167.1
158.0
151.4
162.1
167.2
155.6
169.0
173.4
166.1
171.8
174.0
168.9
180.7
176.1
183.3
177.4
173.7
171.4
185.0
180.3
186.2
187.1
186.6
154.4
184.2
169.5
173.5
184.4
188.5
176.5
180.5
177.8
190.7
184.9
175.8
187.2
177.0
172.8
181.5
174.4
206.4
190.7
165.9
169.1
168.0
175.0
182.8
162.5
171.9
173.0
167.6
