70.1
81.0
81.5
85.5
86.2
92.6
94.8
95.7
98.5
97.1
96.7
98.1
98.8
99.3
102.5
101.9
101.9
101.4
105.2
101.8
105.0
109.3
106.1
108.8
108.3
108.7
110.3
109.8
110.7
112.4
110.9
113.2
115.2
115.2
114.3
114.0
115.6
114.0
116.7
114.6
118.8
118.5
116.9
118.8
119.7
119.8
120.6
119.8
120.5
121.1
116.5
121.1
120.2
119.0
114.7
113.5
114.1
114.4
122.6
120.9
116.2
125.5
119.4
122.0
98.5
119.0
121.5
123.4
120.8
113.9
116.5
118.1
120.3
122.1
124.0
125.2
125.0
122.3
122.5
124.1
125.3
120.3
124.4
126.4
125.3
119.5
126.6
126.5
126.6
124.7
124.0
124.5
124.9
125.1
125.2
124.7
122.4
111.3
122.4
126.6
