-100.8
-95.9
-92.2
-86.1
-82.8
-75.6
-77.1
-68.9
-76.7
-63.9
-61.9
-60.0
-59.4
-60.2
-63.6
-58.6
-55.9
-55.2
-54.5
-52.6
-54.2
-55.1
-54.1
-53.1
-52.5
-51.9
-51.2
-50.9
-53.0
-50.8
-49.7
-52.8
-49.2
-54.0
-51.1
-47.1
-48.2
-46.6
-44.2
-46.5
-49.3
-48.4
-45.9
-45.7
-43.5
-43.8
-44.1
-44.8
-44.4
-45.5
-43.4
-42.9
-42.0
-42.1
-41.9
-44.9
-47.5
-44.3
-41.5
-40.6
-43.3
-41.0
-41.0
-41.4
-41.4
-41.6
-39.5
-38.3
-40.7
-45.1
-42.1
-42.5
-40.3
-40.7
-39.4
-40.0
-40.6
-39.1
-39.6
-39.2
-40.8
-40.0
-45.6
-37.7
-39.7
-40.3
-38.2
-39.3
-38.5
-40.8
-44.1
-45.6
-40.1
-38.8
-38.3
-37.8
-41.2
-36.8
-40.8
-46.4
