68.8
72.9
72.6
76.9
77.6
78.4
79.2
82.3
83.7
84.5
84.8
87.4
90.6
91.8
92.5
90.7
92.9
92.2
93.5
93.1
95.7
95.6
95.9
96.3
96.5
98.4
99.1
97.8
99.5
99.6
100.5
101.3
100.2
100.7
103.3
105.0
104.7
103.9
105.5
106.9
107.6
106.8
108.6
108.3
109.6
109.0
108.8
111.3
110.6
110.1
110.4
111.1
112.9
114.0
113.3
113.9
114.2
113.8
114.0
114.9
114.2
115.3
115.4
115.7
114.6
114.4
115.4
116.2
115.8
116.7
116.8
117.0
116.3
116.8
116.5
116.8
117.0
117.5
116.9
117.2
116.7
116.9
117.0
117.1
117.3
117.7
117.8
117.9
117.7
117.7
115.2
117.5
117.9
118.0
118.2
118.1
118.0
118.4
117.8
118.4
