-98.7
-95.8
-94.6
-92.4
-94.9
-90.9
-92.1
-91.6
-90.6
-91.0
-87.5
-90.6
-91.6
-90.4
-89.0
-88.4
-89.5
-89.6
-86.0
-86.7
-85.1
-86.8
-85.4
-85.4
-84.6
-81.4
-85.1
-84.7
-83.2
-83.5
-84.1
-84.5
-80.2
-78.1
-79.0
-77.5
-77.6
-76.1
-76.4
-74.9
-75.7
-75.7
-73.3
-74.3
-73.8
-72.6
-73.6
-73.1
-74.2
-72.9
-72.6
-72.4
-71.4
-72.0
-71.2
-72.0
-71.2
-71.2
-70.8
-70.5
-70.3
-70.3
-69.8
-70.1
-69.5
-69.0
-69.3
-69.6
-69.2
-69.4
-70.8
-71.7
-70.5
-68.5
-68.2
-68.0
-68.2
-68.1
-67.7
-67.4
-68.3
-71.4
-68.0
-67.6
-67.6
-68.0
-69.8
-68.2
-67.5
-66.8
-66.4
-66.8
-66.5
-66.5
-66.5
-66.4
-66.6
-66.3
-66.4
-66.4
