66.5
69.0
70.2
71.9
73.7
75.8
76.9
79.0
80.5
81.2
82.6
82.4
87.2
86.6
89.1
90.0
88.3
90.6
90.2
90.6
89.4
89.6
91.8
90.8
91.8
92.3
93.4
94.7
95.1
95.9
95.4
97.2
97.3
97.9
97.9
96.8
97.7
96.3
97.0
97.1
100.2
99.9
99.4
100.9
101.6
100.9
101.2
102.3
102.4
102.6
103.4
103.3
103.3
104.9
105.6
106.1
105.0
104.9
106.1
106.4
107.1
107.2
107.9
106.4
104.5
107.5
107.9
106.8
107.5
108.4
108.6
109.0
108.6
109.2
109.2
109.6
109.4
109.9
109.6
110.0
110.0
109.5
109.8
110.4
110.7
110.3
110.7
110.9
111.0
110.9
111.2
110.9
110.8
111.4
111.4
111.2
111.5
111.7
111.7
111.8
