-91.1
-89.0
-86.5
-83.0
-86.3
-80.6
-80.2
-77.3
-73.0
-67.6
-68.6
-60.9
-55.3
-60.2
-56.8
-54.5
-49.8
-49.9
-48.4
-49.8
-44.8
-42.7
-42.9
-43.2
-43.1
-47.4
-46.7
-43.9
-44.6
-43.8
-45.1
-42.4
-41.7
-42.4
-43.3
-41.1
-40.7
-38.6
-35.2
-37.2
-37.7
-39.1
-36.7
-35.0
-33.8
-35.1
-32.1
-34.1
-33.3
-33.0
-32.9
-32.4
-32.7
-30.7
-31.0
-32.0
-32.3
-31.5
-30.5
-29.9
-29.4
-30.0
-29.8
-28.5
-29.1
-28.2
-27.6
-28.4
-27.4
-26.7
-27.4
-27.5
-29.3
-36.4
-30.5
-28.4
-27.1
-26.8
-26.7
-26.5
-26.2
-26.2
-25.9
-25.7
-25.9
-25.5
-25.1
-25.1
-25.1
-24.9
-25.3
-25.2
-25.0
-24.8
-24.7
-24.7
-24.2
-24.3
-24.3
-24.1
