-101.9
-89.5
-80.7
-78.7
-81.0
-75.2
-69.0
-76.1
-69.5
-72.6
-68.1
-69.5
-66.8
-62.2
-57.4
-65.3
-64.1
-57.0
-53.2
-54.2
-52.5
-53.5
-51.1
-51.3
-52.0
-53.1
-49.6
-49.5
-48.2
-46.2
-42.0
-46.4
-43.2
-51.8
-42.2
-40.9
-40.9
-40.8
-38.5
-40.6
-41.8
-39.0
-39.9
-40.1
-39.6
-39.4
-39.2
-35.6
-37.1
-38.2
-37.8
-36.0
-33.6
-37.3
-34.5
-33.8
-37.2
-39.6
-42.9
-33.6
-34.1
-38.1
-34.3
-34.0
-34.5
-31.6
-34.2
-31.5
-32.0
-33.1
-35.8
-30.6
-35.0
-36.3
-29.4
-30.9
-40.6
-32.9
-30.7
-27.3
-27.5
-27.3
-26.9
-30.8
-27.3
-26.1
-25.8
-25.9
-26.2
-37.2
-33.7
-30.1
-29.2
-26.9
-27.3
-25.2
-23.8
-24.2
-24.5
-26.6
