70.7
80.4
85.4
87.8
88.4
90.6
90.0
93.2
91.4
93.6
88.8
94.7
95.4
92.7
98.2
101.9
100.9
101.5
102.9
103.4
103.0
102.8
104.8
105.0
105.7
106.1
106.2
108.2
107.1
107.6
108.8
108.5
110.2
110.3
111.5
110.3
112.7
113.8
112.3
113.1
116.1
114.0
114.4
117.7
116.6
114.1
112.1
114.6
116.9
118.1
119.1
120.7
118.8
117.4
115.9
118.3
119.7
120.3
122.5
119.9
119.4
124.1
116.2
124.4
125.0
126.3
125.4
123.5
123.9
118.2
106.7
116.8
115.3
120.2
121.8
123.2
123.3
119.6
123.6
122.2
125.0
124.0
125.9
122.2
125.7
126.5
117.4
112.5
114.7
116.6
109.5
119.5
115.5
119.5
122.5
122.2
113.3
117.7
121.2
124.8
