62.8
58.7
70.7
74.2
82.5
72.7
96.7
102.0
101.7
110.2
99.8
106.8
109.6
104.7
109.3
111.3
108.4
112.7
109.8
111.8
111.4
108.6
114.6
118.0
119.4
108.2
119.5
111.7
120.8
121.5
125.6
119.4
128.8
124.7
103.3
122.2
123.0
117.9
120.7
127.1
115.0
109.1
111.4
109.1
121.5
122.9
118.9
117.7
123.2
125.6
123.5
125.7
127.4
128.2
130.1
130.3
133.0
131.1
135.0
133.3
117.6
127.3
134.0
127.8
130.0
134.7
135.1
132.2
138.1
127.5
140.5
135.7
102.2
101.1
105.9
101.8
107.9
124.8
137.9
143.5
143.7
143.0
143.6
141.9
145.0
145.2
145.2
147.7
148.0
150.8
150.8
145.7
146.6
148.8
150.7
153.7
153.2
154.8
154.2
155.0
