66.0
66.2
72.2
70.4
76.6
75.2
78.4
82.2
81.1
79.0
81.9
83.4
84.5
87.4
85.8
84.2
86.8
86.7
87.2
88.5
89.7
90.8
91.5
93.3
88.4
89.0
92.7
91.2
93.9
94.1
93.9
96.4
93.3
97.7
99.5
101.7
102.8
101.0
104.9
105.5
105.1
105.0
107.8
105.0
105.3
107.8
107.6
110.3
109.7
110.4
112.5
111.4
111.9
114.2
113.3
114.9
113.8
112.5
115.2
113.8
113.8
116.2
115.7
117.1
116.1
118.7
119.6
117.8
119.6
119.2
119.8
120.0
118.5
122.4
124.5
126.7
126.7
129.6
131.0
134.8
136.6
140.2
142.0
146.6
148.2
133.4
136.0
140.6
144.8
146.4
143.9
149.2
145.6
146.7
150.4
153.5
149.9
137.6
149.0
152.4
