-101.0
-102.4
-96.8
-93.0
-95.0
-95.6
-89.0
-90.7
-92.3
-93.5
-89.8
-89.8
-98.2
-85.8
-85.4
-86.2
-81.6
-79.9
-78.8
-76.4
-80.3
-73.2
-68.8
-70.0
-73.1
-70.5
-72.6
-70.8
-72.4
-67.1
-68.2
-70.0
-71.5
-66.8
-66.0
-64.5
-65.5
-64.1
-63.1
-63.7
-63.1
-61.7
-62.4
-61.4
-61.2
-61.4
-59.4
-60.8
-60.5
-58.9
-58.2
-58.0
-58.0
-60.7
-57.7
-57.8
-56.9
-59.6
-56.4
-56.8
-55.6
-56.9
-55.9
-55.6
-53.0
-51.7
-52.3
-53.5
-53.2
-52.6
-52.5
-54.5
-52.5
-52.0
-52.9
-55.1
-52.2
-50.5
-50.4
-50.2
-51.9
-50.5
-51.0
-50.0
-56.9
-58.9
-52.2
-50.5
-49.5
-51.0
-49.3
-51.2
-47.9
-47.7
-48.1
-47.4
-47.5
-48.9
-54.7
-48.1
