-85.7
-79.2
-73.4
-61.6
-62.4
-57.4
-54.2
-52.6
-54.6
-53.1
-53.2
-50.0
-47.2
-46.8
-43.3
-41.8
-40.4
-41.5
-39.1
-39.8
-38.0
-37.4
-35.7
-37.1
-38.7
-38.4
-36.9
-35.8
-36.2
-40.9
-40.9
-38.2
-33.2
-32.1
-36.6
-31.3
-30.8
-32.2
-32.2
-30.2
-29.0
-29.2
-28.4
-27.8
-27.9
-27.4
-27.6
-30.5
-26.8
-26.5
-28.2
-26.2
-26.1
-33.8
-25.5
-29.7
-28.3
-24.2
-23.8
-23.5
-22.3
-23.6
-23.4
-23.5
-30.9
-28.2
-22.2
-24.8
-27.5
-23.9
-32.1
-25.0
-25.5
-23.4
-21.8
-23.1
-20.7
-21.2
-19.8
-21.2
-24.8
-39.6
-25.5
-27.3
-24.9
-30.5
-20.7
-25.9
-24.4
-35.9
-26.2
-24.1
-23.2
-22.8
-24.2
-35.0
-27.9
-23.2
-44.0
-48.4
