65.1
69.9
65.0
74.7
79.6
85.4
92.2
91.6
93.0
100.5
102.1
108.4
113.1
110.8
111.8
116.2
109.1
116.1
119.1
115.1
122.9
123.3
121.3
126.5
132.9
132.0
136.8
137.5
135.3
138.2
132.9
137.8
139.5
141.3
145.0
136.3
138.0
133.9
136.2
129.8
136.8
142.1
141.8
142.2
148.3
147.8
148.7
147.7
129.0
145.7
134.2
145.2
136.0
150.1
151.6
146.6
121.6
129.5
140.6
142.2
138.0
141.6
148.1
143.7
146.2
146.8
144.7
150.5
154.0
143.5
128.6
150.6
146.5
151.9
139.6
141.7
153.5
151.8
153.5
158.4
149.5
162.8
156.4
164.3
157.7
149.4
161.0
170.5
169.1
170.6
123.2
155.5
137.4
115.2
131.2
132.5
133.9
133.4
133.8
132.0
