-97.5
-90.5
-82.0
-73.0
-71.7
-70.3
-65.4
-65.5
-61.2
-61.3
-65.0
-61.7
-62.4
-60.9
-60.1
-60.1
-57.9
-56.2
-56.4
-54.9
-55.3
-54.3
-54.3
-51.7
-53.8
-55.1
-51.0
-52.4
-52.4
-51.7
-50.1
-49.3
-48.3
-47.8
-46.2
-47.2
-45.0
-45.5
-46.1
-45.0
-44.5
-44.4
-44.3
-44.6
-45.1
-43.7
-43.2
-42.1
-40.3
-39.2
-39.0
-39.3
-37.6
-36.8
-36.4
-36.3
-37.6
-36.9
-34.9
-34.4
-33.3
-33.8
-34.8
-33.1
-34.0
-33.0
-34.0
-33.2
-32.6
-32.7
-32.2
-34.6
-33.0
-32.5
-31.8
-32.2
-31.3
-31.9
-31.1
-30.5
-31.0
-30.1
-30.2
-30.0
-31.7
-31.7
-30.3
-29.6
-30.8
-31.2
-31.7
-29.1
-29.9
-29.3
-30.7
-29.3
-28.8
-29.1
-28.4
-31.3
