-83.1
-83.3
-84.4
-83.7
-78.4
-74.9
-73.0
-78.9
-79.4
-73.1
-72.2
-76.9
-75.3
-77.7
-73.4
-72.8
-68.9
-68.8
-66.9
-68.7
-68.3
-65.3
-63.8
-61.1
-62.1
-63.2
-64.3
-61.3
-61.4
-56.9
-58.6
-56.4
-53.1
-56.8
-56.3
-55.1
-53.3
-52.5
-52.6
-50.3
-49.5
-48.3
-48.1
-46.5
-45.0
-47.7
-47.1
-49.2
-41.3
-41.8
-40.3
-38.0
-37.6
-37.6
-36.0
-36.3
-37.3
-35.4
-34.7
-35.5
-36.1
-35.3
-36.3
-35.8
-33.6
-33.8
-33.8
-33.5
-35.5
-32.6
-32.3
-32.7
-32.0
-31.2
-31.5
-31.1
-30.1
-29.5
-29.3
-29.4
-30.4
-31.4
-41.1
-41.8
-40.9
-35.3
-39.9
-36.9
-32.6
-31.3
-32.2
-30.8
-29.9
-30.4
-29.1
-29.0
-31.0
-31.1
-31.7
-30.0
