-90.5
-85.7
-81.3
-78.1
-79.5
-78.9
-80.7
-78.1
-76.5
-73.8
-71.5
-73.0
-71.8
-67.7
-68.7
-67.2
-66.6
-66.3
-66.4
-65.1
-65.7
-64.9
-63.9
-64.6
-64.4
-63.3
-62.9
-63.6
-63.4
-63.3
-64.8
-62.5
-61.9
-62.0
-61.9
-61.7
-61.8
-61.3
-60.9
-60.4
-60.5
-60.7
-59.7
-60.3
-59.6
-59.6
-59.5
-59.8
-59.2
-58.8
-59.5
-60.0
-59.5
-58.5
-58.6
-58.6
-58.2
-58.0
-59.1
-58.7
-57.6
-57.6
-58.2
-57.9
-57.6
-57.0
-56.2
-56.7
-56.5
-56.6
-57.1
-55.6
-55.4
-55.4
-55.6
-55.6
-55.5
-55.5
-55.2
-55.2
-55.2
-55.1
-55.1
-55.0
-55.1
-55.0
-55.1
-55.1
-55.0
-55.0
-55.0
-55.1
-55.1
-55.0
-55.0
-55.0
-55.0
-55.0
-55.0
-55.0
