77.1
82.5
90.6
90.2
93.5
99.0
101.5
98.1
104.1
106.4
102.6
104.0
105.0
99.1
107.2
109.8
107.3
108.7
111.2
111.5
110.6
112.7
115.4
112.2
113.3
116.4
114.0
116.9
118.7
119.9
119.7
119.1
120.1
120.1
116.4
118.2
119.2
116.8
118.4
121.1
122.3
122.7
123.3
124.6
128.0
129.0
129.7
129.6
131.6
132.4
130.9
128.7
132.2
120.6
132.9
137.0
136.4
121.8
123.3
125.2
111.2
120.2
118.6
123.5
125.6
127.0
126.6
124.9
125.4
136.5
132.4
135.3
131.4
131.0
134.1
124.0
100.0
108.1
126.9
121.6
127.7
126.7
125.0
133.6
132.9
134.1
134.3
134.4
134.9
120.4
135.5
134.4
123.6
124.4
128.4
127.5
118.8
133.4
124.5
123.4
