59.3
58.6
71.8
77.8
83.0
89.2
95.2
98.5
107.2
112.4
117.7
110.2
121.7
125.1
125.0
127.7
130.3
128.4
133.5
144.0
143.7
145.7
143.7
146.8
146.8
145.8
145.7
146.0
155.4
157.3
153.5
156.0
161.0
159.9
161.5
162.1
163.0
169.2
168.1
169.0
169.4
164.2
168.9
167.1
169.4
171.9
168.8
158.3
180.0
143.3
176.5
174.1
172.3
161.8
164.6
169.3
165.5
162.9
183.3
165.3
176.7
186.1
183.0
157.3
165.7
168.2
172.4
179.0
174.5
178.8
184.4
139.8
177.8
185.2
184.6
178.6
185.3
185.0
186.0
158.0
174.6
182.0
180.3
184.2
176.3
185.5
189.3
179.3
193.5
190.2
162.4
185.4
183.0
187.9
187.5
181.3
186.5
187.1
187.0
187.6
