69.6
77.3
81.6
81.8
83.4
86.5
88.2
90.0
89.5
91.4
89.8
87.6
93.4
94.2
95.1
95.5
96.9
99.7
97.2
96.7
99.8
100.9
97.9
98.9
98.7
100.4
99.6
102.8
101.4
101.0
102.2
102.8
101.8
104.1
106.0
105.3
107.3
106.2
108.4
109.0
107.9
108.5
108.9
109.1
109.7
110.9
110.4
109.2
109.9
109.7
110.4
111.1
111.6
111.5
112.6
111.5
112.2
112.9
114.2
113.9
113.1
114.1
114.8
113.5
113.9
114.7
116.7
117.9
118.2
118.2
119.0
119.1
119.6
122.1
121.5
123.0
123.5
123.7
124.3
125.1
125.4
127.0
127.4
128.2
128.1
129.5
129.4
132.0
128.5
133.5
134.2
134.3
133.3
136.5
132.3
131.1
126.8
132.6
134.8
136.6
