-96.0
-84.6
-76.5
-79.0
-77.4
-78.3
-83.5
-89.0
-81.5
-80.9
-78.7
-80.3
-79.1
-79.2
-78.4
-77.5
-77.1
-77.1
-77.3
-76.6
-77.2
-76.1
-75.0
-75.7
-75.8
-74.7
-75.0
-73.5
-73.7
-72.3
-71.9
-71.1
-70.3
-69.1
-69.4
-68.8
-67.4
-67.6
-67.0
-66.9
-66.5
-66.4
-65.8
-66.7
-67.3
-65.6
-65.3
-65.1
-64.9
-64.8
-64.6
-64.6
-64.8
-65.4
-66.0
-64.4
-64.7
-64.5
-64.5
-64.2
-64.3
-64.8
-64.4
-64.7
-64.4
-64.3
-64.3
-64.2
-64.3
-64.2
-64.1
-64.0
-64.0
-64.0
-64.2
-64.0
-64.0
-64.0
-64.0
-64.0
-64.0
-64.0
-64.0
-64.0
-64.0
-64.0
-64.0
-64.0
-64.0
-64.0
-64.0
-64.0
-64.0
-64.0
-64.0
-64.0
-64.0
-64.0
-64.0
-64.0
