-97.5
-103.0
-101.2
-95.3
-92.8
-87.7
-85.8
-82.7
-82.6
-82.3
-79.9
-78.4
-78.7
-78.9
-78.9
-80.9
-77.3
-77.9
-77.5
-78.8
-77.8
-77.6
-76.6
-76.4
-76.6
-75.6
-75.2
-75.3
-74.0
-73.9
-74.5
-73.8
-73.9
-72.7
-73.1
-72.0
-72.6
-72.2
-72.8
-71.5
-71.0
-71.0
-70.8
-70.9
-72.0
-71.7
-70.9
-70.1
-70.2
-70.5
-70.0
-69.7
-74.4
-86.1
-77.0
-76.3
-75.9
-75.6
-75.3
-75.5
-75.4
-75.3
-75.5
-75.2
-75.1
-74.8
-74.6
-74.1
-74.2
-74.1
-74.1
-74.2
-74.1
-74.1
-74.0
-74.0
-74.0
-73.8
-73.9
-73.6
-73.1
-73.2
-73.1
-73.1
-73.0
-73.5
-73.0
-73.0
-73.0
-73.0
-73.0
-73.0
-73.0
-73.0
-73.0
-73.0
-73.0
-73.0
-73.0
-73.0
