-93.0
-92.0
-96.0
-95.8
-90.2
-90.7
-88.7
-89.5
-91.2
-84.0
-83.1
-87.4
-85.7
-81.3
-83.3
-80.1
-79.9
-79.1
-77.8
-78.8
-76.5
-77.2
-78.7
-76.8
-75.4
-78.2
-77.4
-76.5
-73.7
-73.7
-73.3
-75.8
-71.8
-71.3
-70.9
-69.8
-71.5
-70.8
-70.6
-70.2
-69.4
-68.5
-67.9
-68.7
-68.4
-68.4
-67.7
-67.8
-68.0
-68.0
-67.3
-66.5
-66.0
-66.5
-66.1
-65.9
-65.7
-65.7
-65.5
-65.4
-64.8
-64.5
-64.7
-64.4
-65.5
-64.7
-64.3
-64.7
-63.8
-63.5
-63.6
-63.0
-63.2
-64.2
-62.5
-62.4
-64.1
-63.0
-63.1
-61.7
-61.1
-61.9
-63.1
-63.0
-63.0
-63.1
-61.9
-63.5
-63.6
-70.2
-75.0
-65.8
-65.1
-64.8
-65.0
-64.4
-63.4
-63.7
-62.5
-62.5
