-102.1
-97.7
-94.4
-90.1
-90.4
-91.2
-89.1
-90.0
-86.0
-87.3
-86.2
-88.0
-90.4
-84.9
-85.6
-83.1
-84.1
-82.2
-83.3
-80.2
-80.1
-78.6
-77.2
-74.5
-65.2
-57.2
-64.9
-78.2
-67.1
-58.1
-51.3
-51.2
-49.2
-50.4
-47.8
-51.2
-50.8
-49.2
-47.1
-45.9
-46.7
-47.9
-47.2
-47.6
-54.4
-43.6
-44.7
-44.5
-42.9
-43.2
-44.2
-42.5
-41.6
-41.8
-41.4
-41.5
-41.1
-44.7
-51.4
-47.4
-42.3
-44.9
-42.5
-41.0
-41.1
-41.1
-39.7
-39.8
-40.9
-40.5
-40.0
-38.8
-38.2
-39.2
-39.0
-37.4
-39.6
-36.3
-37.5
-35.4
-35.4
-35.0
-34.4
-34.6
-34.3
-39.6
-33.3
-33.5
-35.0
-44.8
-42.2
-39.2
-37.7
-32.8
-31.5
-34.2
-44.8
-63.2
-62.7
-61.3
