-100.3
-92.9
-81.7
-76.8
-71.0
-68.9
-58.2
-54.7
-52.3
-48.9
-51.1
-48.3
-48.2
-40.7
-39.6
-40.4
-37.8
-36.7
-36.9
-38.8
-37.0
-36.2
-33.3
-32.9
-35.2
-33.4
-31.2
-32.4
-32.7
-33.7
-32.1
-31.5
-29.8
-29.2
-28.5
-28.9
-28.3
-27.8
-29.8
-25.2
-28.4
-27.4
-25.6
-27.7
-24.5
-25.2
-25.0
-24.8
-24.0
-24.3
-25.7
-25.6
-23.1
-23.5
-23.0
-22.5
-24.4
-23.9
-23.5
-23.2
-25.4
-26.2
-22.8
-23.0
-23.5
-22.1
-22.5
-22.0
-25.0
-22.6
-22.0
-23.8
-22.7
-22.3
-21.9
-23.0
-32.6
-22.6
-22.1
-21.3
-21.1
-21.8
-21.1
-21.5
-20.5
-20.2
-19.8
-19.2
-23.3
-19.3
-18.4
-23.0
-19.5
-19.9
-19.3
-19.5
-18.5
-20.1
-23.1
-23.7
