-89.6
-87.9
-83.8
-84.2
-83.3
-83.7
-82.8
-81.0
-81.3
-79.1
-78.6
-78.8
-77.1
-76.5
-77.0
-75.9
-72.9
-74.6
-75.8
-72.1
-73.3
-73.3
-72.2
-72.5
-71.6
-70.8
-70.7
-70.8
-69.9
-70.4
-69.6
-68.8
-68.5
-67.7
-67.3
-67.0
-67.5
-66.2
-66.0
-65.7
-65.2
-65.6
-64.1
-64.5
-63.5
-63.1
-62.8
-61.9
-62.0
-61.5
-61.2
-61.4
-60.5
-60.5
-59.9
-60.0
-59.1
-59.5
-58.6
-59.2
-58.9
-57.9
-58.2
-57.9
-57.9
-57.6
-57.3
-57.6
-56.9
-56.6
-56.4
-57.2
-56.8
-56.6
-56.7
-56.2
-55.7
-56.0
-55.9
-55.9
-55.8
-55.7
-55.8
-55.6
-55.9
-55.4
-55.4
-55.3
-55.4
-55.2
-55.3
-55.2
-55.3
-55.1
-55.2
-55.2
-55.1
-55.1
-55.0
-55.1
