73.2
80.7
78.9
84.0
89.4
87.0
91.8
90.6
94.6
95.0
94.8
97.9
95.8
98.2
97.5
102.2
99.7
100.4
102.7
102.2
103.9
105.2
105.2
106.0
107.4
109.1
110.0
109.7
111.2
113.3
113.6
114.9
114.8
115.6
114.8
116.8
120.1
120.3
121.5
121.6
121.9
123.3
122.0
123.5
124.2
125.2
125.6
125.5
126.8
127.4
129.0
127.8
129.2
130.5
130.0
130.8
130.8
131.7
132.6
132.0
132.4
132.4
132.6
133.8
133.5
135.2
136.1
135.7
136.7
137.2
137.1
137.6
137.8
139.5
139.0
139.8
137.6
137.9
140.6
138.9
140.0
136.8
129.0
134.4
135.4
137.5
137.6
139.0
138.1
139.9
139.7
141.0
136.4
138.6
140.1
139.3
128.7
132.5
135.8
136.6
