-90.0
-86.0
-80.0
-76.7
-74.3
-71.0
-68.2
-61.0
-59.8
-60.8
-59.1
-56.1
-54.8
-61.3
-56.4
-60.9
-53.8
-51.0
-49.7
-48.7
-51.1
-50.5
-48.2
-46.1
-45.0
-48.7
-46.7
-44.7
-45.3
-41.2
-44.9
-42.0
-41.6
-41.3
-39.4
-39.0
-38.1
-38.4
-38.5
-36.8
-37.3
-36.5
-35.0
-35.2
-35.5
-33.1
-34.4
-32.2
-34.6
-33.6
-32.8
-30.8
-32.6
-31.1
-31.6
-30.7
-30.2
-29.8
-29.7
-29.7
-29.6
-29.2
-28.8
-29.1
-27.8
-28.2
-26.7
-27.2
-26.8
-27.7
-25.9
-26.8
-26.5
-26.4
-25.7
-25.5
-25.5
-25.4
-24.8
-24.4
-25.5
-26.2
-24.6
-24.0
-24.1
-24.5
-23.8
-23.3
-23.0
-22.7
-22.9
-23.6
-22.0
-22.4
-22.8
-22.7
-22.3
-21.5
-22.0
-22.1
