-83.4
-74.0
-68.7
-65.9
-61.8
-59.5
-62.0
-60.8
-62.5
-60.8
-61.8
-59.5
-58.9
-54.8
-55.8
-53.7
-49.8
-49.4
-46.0
-46.8
-42.7
-44.7
-41.8
-39.5
-39.7
-40.8
-37.3
-35.4
-36.2
-35.5
-37.2
-37.6
-36.0
-34.1
-32.5
-34.9
-31.0
-32.1
-32.8
-31.1
-30.2
-28.0
-27.8
-28.5
-28.9
-27.4
-26.9
-31.7
-26.9
-25.0
-24.4
-23.8
-25.4
-23.9
-23.3
-21.2
-20.0
-20.2
-19.3
-17.8
-17.6
-19.8
-18.3
-19.9
-21.1
-19.6
-19.6
-18.8
-16.9
-18.1
-16.8
-16.5
-16.4
-17.1
-17.1
-17.4
-18.7
-14.9
-13.3
-13.5
-13.1
-12.9
-12.5
-12.3
-12.2
-16.1
-13.0
-14.2
-12.1
-12.7
-9.8
-9.8
-14.3
-10.2
-14.8
-12.2
-16.7
-19.3
-16.7
-13.9
