70.0
76.2
72.0
72.6
71.9
75.8
75.6
80.4
98.0
100.7
111.8
100.4
101.5
113.6
121.0
118.4
123.0
129.3
135.9
139.1
127.7
159.8
167.5
168.6
159.8
166.3
177.2
175.9
172.9
167.8
170.0
174.7
180.2
180.6
184.1
187.8
180.0
187.7
190.2
191.5
193.2
182.1
189.6
200.3
201.8
200.4
184.2
195.2
176.7
187.5
200.5
200.5
203.8
202.1
196.9
204.1
143.7
177.2
183.5
171.2
180.9
182.9
176.8
184.8
186.5
178.3
179.8
182.2
188.5
168.8
178.0
181.8
193.3
192.4
177.5
180.9
190.7
191.6
174.6
188.7
193.0
190.8
190.2
192.8
193.5
193.7
191.7
192.5
191.6
192.6
193.9
171.0
192.0
194.6
194.3
192.6
192.8
192.8
186.6
194.5
