-96.9
-93.4
-89.3
-87.5
-85.1
-86.1
-90.2
-84.7
-80.0
-82.7
-79.0
-81.3
-75.5
-74.6
-73.5
-72.4
-72.0
-71.6
-71.5
-69.8
-70.3
-65.2
-63.7
-70.1
-68.9
-68.6
-68.7
-73.0
-70.4
-69.3
-70.5
-62.9
-59.7
-59.7
-58.0
-63.1
-65.4
-56.0
-55.9
-55.4
-55.0
-52.2
-57.9
-54.4
-52.7
-51.3
-55.3
-52.7
-67.9
-54.5
-53.2
-51.3
-56.8
-59.4
-50.1
-47.3
-48.3
-48.4
-44.7
-47.5
-44.2
-48.1
-43.7
-46.0
-44.4
-49.2
-44.7
-42.3
-41.4
-43.4
-39.7
-39.2
-43.3
-38.1
-38.7
-45.0
-41.2
-43.0
-38.1
-39.4
-37.5
-35.1
-41.3
-62.1
-41.2
-37.0
-36.9
-37.8
-35.9
-36.0
-36.8
-37.0
-36.6
-35.5
-35.3
-36.0
-35.6
-35.2
-35.0
-34.9
