-84.9
-98.8
-98.4
-96.8
-85.5
-89.8
-83.5
-75.2
-71.8
-71.0
-71.2
-68.6
-67.7
-68.0
-70.3
-66.0
-69.7
-65.7
-64.3
-62.8
-64.8
-58.3
-56.3
-53.6
-53.4
-54.0
-52.7
-49.1
-51.2
-49.8
-49.9
-48.6
-46.5
-47.0
-47.5
-50.2
-47.2
-42.3
-48.3
-44.2
-46.8
-47.2
-46.1
-45.1
-43.3
-43.8
-43.7
-41.6
-41.1
-42.7
-41.8
-39.9
-43.1
-43.1
-38.2
-37.1
-45.8
-38.3
-42.8
-40.5
-39.3
-37.2
-35.8
-35.9
-36.7
-36.2
-37.9
-48.0
-42.4
-40.1
-67.6
-60.3
-58.4
-57.6
-54.3
-48.0
-45.7
-45.4
-41.6
-43.9
-40.6
-40.0
-41.0
-46.7
-40.5
-41.5
-47.2
-44.9
-44.0
-43.1
-42.2
-42.3
-40.0
-39.0
-37.5
-39.7
-37.4
-35.3
-36.0
-35.0
