48.4
52.2
56.5
59.6
66.9
71.3
76.2
76.3
75.8
85.2
84.7
89.7
90.7
95.1
92.8
91.8
94.5
96.6
98.3
96.2
99.2
98.1
97.7
99.7
98.0
92.6
106.1
108.3
105.6
111.1
111.1
112.1
113.4
111.5
109.2
107.2
111.9
113.9
106.9
115.2
114.6
113.5
113.6
117.1
114.1
113.2
119.9
98.8
123.1
107.2
113.0
123.4
122.2
125.6
122.8
108.2
114.4
115.5
120.5
104.1
106.0
121.5
114.0
116.4
117.4
118.4
119.7
122.3
118.4
122.2
128.1
131.2
128.6
127.8
130.9
129.9
129.8
132.1
130.2
129.7
121.6
131.4
110.8
123.0
127.6
132.5
116.8
128.0
125.6
110.2
120.9
129.7
115.4
123.4
117.8
112.1
117.8
118.5
119.8
124.0
