-91.9
-83.7
-85.2
-81.0
-77.1
-79.8
-78.5
-78.2
-75.8
-75.5
-75.0
-72.0
-74.5
-71.3
-72.4
-72.0
-71.6
-71.7
-70.5
-70.3
-68.7
-69.2
-69.4
-68.1
-68.3
-68.0
-69.2
-65.4
-65.2
-64.5
-65.0
-62.9
-65.1
-64.1
-62.8
-62.1
-61.9
-60.7
-60.9
-61.0
-60.4
-59.3
-59.9
-59.6
-59.5
-59.0
-59.0
-58.0
-57.8
-58.1
-58.4
-57.7
-57.6
-57.4
-57.3
-57.5
-57.0
-57.1
-56.6
-56.6
-57.0
-56.4
-56.5
-56.3
-56.5
-56.4
-56.1
-56.4
-55.9
-55.9
-55.6
-55.9
-55.7
-55.7
-55.5
-55.3
-55.2
-55.3
-55.3
-55.3
-55.2
-55.2
-55.4
-55.0
-55.4
-55.1
-55.1
-55.1
-55.1
-55.1
-55.0
-55.1
-55.0
-55.0
-55.0
-55.0
-55.0
-55.0
-55.0
-55.0
