56.2
56.0
64.3
66.8
68.4
64.7
65.6
65.5
69.5
72.7
72.5
72.6
71.9
71.2
76.1
73.6
70.9
74.9
78.8
77.5
83.3
86.9
85.4
85.2
84.3
81.1
86.0
86.5
86.8
86.8
88.8
86.5
90.4
86.3
88.2
88.7
91.1
89.0
92.5
91.0
92.6
92.1
91.2
94.5
93.3
93.5
92.2
93.8
93.7
94.5
94.3
94.1
94.4
95.5
95.5
96.2
96.3
95.7
96.9
96.9
96.8
97.5
97.1
97.8
97.5
98.0
99.0
99.1
99.4
99.0
98.2
95.8
100.0
100.4
100.9
100.7
100.2
99.5
99.0
98.0
101.2
101.2
102.0
101.9
101.2
101.4
102.4
102.6
100.9
98.9
102.3
102.7
103.1
103.0
103.5
103.8
104.0
103.8
100.0
103.8
