65.5
64.9
65.9
65.2
71.8
74.8
72.2
76.7
78.4
77.0
77.9
78.7
79.7
79.6
81.4
81.0
80.1
80.7
78.7
83.0
85.1
83.7
83.8
86.8
86.9
88.0
86.9
88.6
89.6
89.8
91.1
90.0
91.9
93.9
92.5
94.1
96.7
95.5
94.3
95.6
98.1
98.2
99.0
100.5
100.0
102.7
100.5
102.8
103.5
101.9
104.0
104.7
104.9
104.8
105.3
105.7
107.1
107.6
107.9
108.6
107.7
108.0
108.7
108.9
109.7
110.0
110.2
110.4
110.8
110.9
110.8
111.3
112.1
112.6
113.1
112.5
113.0
114.0
114.2
114.2
112.4
114.4
114.5
115.3
116.1
114.6
115.2
113.9
116.0
115.5
115.5
114.9
115.6
116.8
117.1
116.2
112.8
114.4
113.6
115.6
