-118.5
-116.0
-103.7
-101.1
-97.5
-103.4
-95.5
-100.7
-96.0
-92.2
-92.0
-87.8
-84.0
-83.0
-83.1
-82.7
-78.3
-78.2
-79.1
-77.9
-78.6
-79.0
-77.5
-77.6
-73.7
-75.5
-74.5
-73.9
-70.2
-70.3
-68.5
-69.6
-69.2
-69.1
-68.2
-67.3
-68.0
-66.9
-65.8
-66.4
-66.2
-66.0
-66.9
-65.9
-65.7
-64.8
-65.0
-64.5
-64.7
-64.7
-64.2
-64.2
-63.9
-64.1
-64.1
-63.7
-63.1
-63.5
-63.5
-63.1
-63.3
-63.0
-63.1
-62.8
-63.2
-62.8
-63.0
-62.7
-62.9
-62.6
-62.4
-62.3
-62.3
-62.3
-62.2
-62.3
-62.2
-62.3
-62.3
-62.2
-62.2
-62.1
-62.2
-62.1
-62.1
-62.1
-62.1
-62.1
-62.0
-62.0
-62.0
-62.0
-62.0
-62.0
-62.0
-62.0
-62.1
-62.0
-62.0
-62.0
