-74.7
-65.8
-61.7
-64.0
-52.1
-61.0
-53.6
-49.4
-47.0
-52.1
-44.4
-44.5
-43.9
-43.9
-43.9
-37.4
-41.0
-40.0
-39.1
-34.1
-36.4
-35.9
-37.1
-37.5
-37.9
-40.2
-37.2
-40.9
-44.9
-43.6
-42.0
-43.3
-40.7
-39.6
-34.0
-37.5
-50.0
-41.2
-42.1
-36.4
-34.8
-35.4
-39.2
-34.5
-31.7
-39.6
-39.7
-36.2
-33.9
-32.5
-38.9
-33.9
-44.6
-41.0
-38.8
-32.4
-34.0
-39.8
-33.5
-38.4
-34.2
-34.1
-41.8
-48.3
-40.1
-39.5
-35.1
-36.1
-38.7
-34.6
-33.3
-32.8
-36.0
-32.8
-31.6
-30.5
-33.1
-31.9
-31.7
-31.0
-31.0
-31.7
-30.1
-33.7
-30.6
-30.3
-29.6
-30.6
-29.7
-36.6
-31.7
-30.4
-28.6
-28.0
-28.9
-26.8
-31.0
-37.9
-34.1
-36.7
