75.8
76.1
76.7
77.7
80.9
82.1
82.9
84.8
84.4
85.6
85.1
85.3
92.1
91.7
90.1
92.5
93.0
92.9
92.4
93.4
92.8
94.5
96.1
96.3
96.5
97.1
96.5
98.9
98.5
99.1
99.7
99.5
100.6
100.7
101.3
101.4
101.4
101.4
100.2
101.9
102.0
102.5
102.3
102.7
102.3
101.7
102.9
103.3
103.4
103.7
104.0
103.9
104.1
104.2
104.1
104.1
104.5
104.4
104.6
104.5
104.6
104.7
104.6
104.7
104.7
104.8
104.7
104.8
104.7
104.9
104.9
104.9
104.9
104.9
104.9
104.9
105.0
105.0
104.9
105.0
105.0
104.9
105.0
105.0
105.0
105.0
105.0
105.0
105.0
105.0
105.0
105.0
105.0
105.0
105.0
105.0
105.0
105.0
105.0
105.0
