-101.8
-101.8
-95.4
-88.3
-89.7
-81.7
-76.8
-73.6
-75.5
-70.7
-67.5
-69.3
-65.3
-65.8
-61.4
-56.0
-54.9
-55.4
-55.9
-53.9
-59.8
-62.0
-58.3
-61.6
-54.9
-55.7
-53.1
-52.2
-53.9
-49.4
-53.8
-50.2
-48.7
-48.1
-46.7
-48.5
-47.6
-45.2
-47.0
-47.9
-50.1
-46.7
-46.9
-49.4
-47.6
-43.8
-44.4
-43.1
-42.0
-42.0
-46.6
-40.4
-39.2
-40.8
-40.0
-38.6
-37.5
-38.1
-38.5
-38.3
-36.8
-33.9
-33.2
-33.8
-32.8
-34.3
-33.9
-34.1
-33.3
-33.5
-32.0
-32.4
-30.0
-30.7
-32.0
-30.5
-31.4
-31.6
-47.5
-43.5
-35.6
-33.2
-29.2
-28.0
-28.1
-27.9
-27.9
-29.4
-29.5
-27.2
-26.9
-26.0
-24.2
-28.3
-25.5
-24.7
-26.9
-24.3
-23.4
-25.3
