67.6
81.6
90.1
87.5
89.2
90.9
104.4
104.6
111.9
112.1
109.5
119.4
121.5
120.1
121.9
125.8
127.6
132.4
128.2
132.4
139.5
138.5
140.1
144.8
138.4
143.5
145.5
145.2
148.0
147.7
147.4
151.6
148.9
154.0
156.8
155.6
156.0
156.5
153.5
160.8
158.9
156.0
164.3
160.1
157.6
161.5
161.5
167.4
160.9
151.5
154.4
148.2
156.3
154.8
161.0
151.2
155.2
160.3
160.8
163.2
153.5
154.5
160.7
164.9
172.4
172.0
171.8
162.1
174.4
179.5
179.7
183.2
171.7
182.9
185.4
166.9
174.8
186.9
192.1
194.3
189.2
179.3
190.1
194.7
193.9
191.0
184.7
199.0
200.8
201.3
197.0
172.7
186.5
189.7
193.0
191.3
192.2
189.6
194.0
197.7
