-88.9
-83.1
-83.4
-85.2
-74.0
-74.4
-76.4
-67.2
-63.4
-62.3
-61.7
-60.6
-58.5
-59.0
-57.9
-56.6
-54.5
-54.9
-56.5
-54.2
-51.6
-51.9
-50.8
-51.3
-49.8
-50.6
-50.4
-48.3
-48.2
-47.4
-47.4
-46.8
-46.5
-47.0
-47.0
-46.1
-45.0
-44.9
-44.1
-44.7
-44.4
-44.0
-42.8
-42.6
-41.0
-41.1
-42.2
-40.9
-41.1
-41.7
-39.6
-39.9
-40.7
-38.5
-39.0
-38.1
-36.6
-38.2
-36.3
-36.3
-36.7
-35.1
-35.9
-35.6
-35.6
-35.0
-34.4
-34.7
-34.0
-33.7
-32.9
-33.2
-33.0
-32.2
-32.1
-32.1
-31.7
-31.7
-31.2
-31.1
-31.1
-30.2
-30.3
-29.6
-29.3
-28.7
-27.8
-28.3
-28.2
-27.8
-27.9
-27.9
-27.2
-27.6
-28.0
-26.6
-27.2
-26.6
-26.2
-25.7
