-96.0
-92.6
-92.1
-90.2
-91.0
-87.0
-89.2
-84.7
-85.2
-83.2
-80.3
-81.2
-81.0
-80.0
-79.0
-80.4
-81.8
-78.8
-77.2
-78.9
-78.2
-76.3
-77.9
-76.3
-77.1
-75.0
-75.9
-76.2
-74.1
-73.8
-73.4
-73.5
-74.4
-73.6
-73.2
-73.5
-73.3
-72.8
-72.1
-72.9
-73.1
-72.9
-71.6
-72.2
-72.2
-71.4
-71.3
-70.8
-70.7
-70.8
-70.4
-70.4
-70.5
-69.9
-70.0
-69.3
-69.3
-68.1
-68.6
-67.7
-67.2
-67.3
-66.9
-66.0
-66.6
-66.2
-66.0
-66.0
-65.8
-66.0
-65.7
-65.7
-65.6
-65.7
-65.4
-65.4
-65.5
-65.1
-65.2
-65.4
-65.1
-65.1
-65.1
-64.8
-64.8
-64.4
-62.8
-62.9
-62.7
-62.5
-62.4
-62.3
-62.4
-62.3
-62.1
-62.0
-62.2
-62.1
-62.2
-62.0
