68.6
70.4
72.2
75.1
73.5
72.0
76.6
76.0
81.1
81.0
81.7
82.4
79.4
82.8
86.1
84.8
86.8
89.1
85.5
88.8
88.9
90.6
90.2
90.2
90.9
91.0
92.0
92.6
91.9
92.0
92.4
93.5
94.6
94.9
96.7
94.6
97.4
98.4
99.4
99.2
100.3
100.1
101.2
100.9
102.2
101.6
103.6
103.8
104.2
104.2
104.9
105.6
105.2
105.2
105.0
104.3
107.5
107.3
107.6
108.0
107.1
109.0
109.0
108.9
109.7
109.5
110.2
111.1
111.2
111.5
111.6
112.8
112.8
113.6
114.1
114.5
114.4
114.8
114.4
113.9
114.9
115.2
115.0
115.2
115.4
115.3
115.5
115.7
115.8
116.2
115.8
115.2
115.8
116.2
116.0
115.7
116.2
116.4
116.8
117.3
