79.5
74.0
76.7
81.9
83.7
77.7
84.9
87.3
89.4
88.0
88.2
87.6
90.3
89.7
90.1
92.6
90.5
92.7
95.5
95.0
95.3
96.0
98.4
97.9
99.5
102.0
98.9
100.9
101.6
100.8
102.8
100.9
102.7
104.0
104.2
103.5
104.4
105.5
105.6
106.1
108.0
106.9
108.1
107.9
107.5
110.2
109.6
109.8
110.0
111.1
110.9
112.1
110.8
110.8
111.6
112.0
112.1
113.3
113.2
114.7
113.5
114.3
113.9
113.7
114.5
114.9
114.9
113.9
115.3
114.3
115.5
116.2
116.0
116.7
116.5
117.2
117.3
117.2
118.2
117.7
117.7
118.0
118.4
119.3
119.0
119.2
119.9
120.1
120.3
120.0
120.1
120.4
120.4
120.7
120.7
120.9
120.7
120.8
121.1
121.4
