-96.7
-90.0
-90.4
-86.7
-87.2
-92.2
-85.4
-86.9
-84.5
-82.8
-78.9
-76.9
-80.2
-76.1
-82.5
-76.6
-77.1
-76.6
-70.7
-72.1
-72.5
-70.7
-73.6
-69.1
-68.8
-68.3
-66.7
-69.4
-70.1
-65.7
-68.4
-65.0
-64.3
-63.2
-64.8
-62.8
-59.2
-62.3
-58.8
-57.9
-57.6
-59.5
-58.7
-56.5
-57.2
-55.1
-53.6
-53.3
-53.5
-52.4
-51.7
-51.5
-52.2
-51.0
-51.3
-49.6
-49.2
-48.9
-48.5
-48.1
-48.8
-48.4
-48.0
-47.6
-48.4
-46.6
-47.6
-48.8
-46.9
-46.8
-47.0
-46.6
-46.2
-45.8
-45.4
-45.5
-45.8
-45.0
-45.2
-45.3
-45.6
-45.2
-44.7
-44.8
-45.0
-44.9
-44.4
-44.6
-44.1
-44.1
-44.0
-43.8
-44.5
-44.2
-43.6
-43.3
-43.2
-43.0
-43.2
-43.1
