-102.6
-88.9
-84.0
-81.8
-84.0
-81.6
-79.1
-81.3
-79.9
-78.4
-80.4
-79.0
-78.5
-79.0
-78.6
-77.5
-76.3
-77.5
-76.7
-75.7
-76.2
-75.3
-74.5
-75.2
-74.3
-74.8
-75.1
-73.2
-74.3
-71.8
-73.1
-72.0
-72.5
-72.2
-72.0
-71.1
-71.2
-72.0
-70.6
-70.9
-70.7
-69.9
-69.9
-69.1
-69.6
-68.8
-69.4
-69.4
-68.5
-68.7
-67.5
-68.3
-67.5
-67.1
-68.4
-67.5
-67.2
-66.9
-67.1
-67.0
-66.7
-66.3
-66.3
-66.4
-65.7
-66.6
-66.4
-65.4
-66.2
-65.9
-64.9
-65.0
-65.3
-65.0
-64.9
-64.2
-63.8
-63.8
-64.4
-63.4
-63.9
-63.4
-63.9
-63.4
-63.9
-63.0
-63.2
-63.4
-62.8
-62.8
-63.8
-63.0
-62.8
-63.0
-63.1
-62.8
-62.7
-62.6
-62.3
-62.3
