65.0
66.1
62.7
70.4
70.0
71.9
79.6
82.3
83.5
84.5
82.6
86.0
83.3
81.3
82.9
89.1
86.9
88.5
85.0
88.5
87.9
95.1
98.0
98.9
101.5
103.0
104.4
104.1
103.5
103.9
105.1
105.4
105.7
107.4
106.2
106.5
109.7
110.4
113.3
115.2
114.1
109.3
86.0
103.6
104.4
107.1
107.9
112.3
112.6
112.6
113.2
115.1
115.5
116.8
118.7
117.9
119.8
119.9
120.4
122.2
128.1
88.3
123.2
92.7
97.7
102.9
100.5
87.8
100.5
107.5
107.0
110.6
113.3
113.7
119.3
115.0
140.8
105.7
131.7
133.8
136.1
140.1
125.0
114.2
124.1
128.5
133.2
134.4
138.4
142.6
129.6
133.6
141.4
134.0
136.5
144.1
148.5
139.6
141.1
138.5
