70.1
78.5
87.9
85.1
87.9
92.3
93.2
92.0
100.4
95.7
97.7
99.6
102.2
97.3
99.5
99.2
105.5
104.5
105.5
104.1
110.0
112.6
113.2
109.1
115.5
115.2
114.2
111.4
110.8
114.5
115.4
114.7
115.2
120.8
119.7
119.6
118.8
120.7
119.8
122.6
124.8
126.8
123.9
124.5
128.5
125.1
122.6
124.7
127.8
129.7
120.0
119.9
130.3
128.1
134.1
134.4
135.6
128.3
136.6
140.1
132.3
126.6
134.8
119.8
125.8
138.5
143.1
128.5
141.7
132.7
144.8
138.1
142.8
141.8
149.9
141.0
142.2
135.4
142.9
147.7
153.9
134.0
134.0
125.8
135.8
128.7
129.5
135.8
146.8
110.5
137.8
132.6
138.5
136.0
113.0
120.2
126.4
143.6
122.0
132.1
