67.5
72.0
75.7
79.0
82.8
82.0
86.1
86.7
86.7
89.8
95.2
92.4
94.6
97.6
98.0
97.3
101.0
99.5
99.6
100.8
101.4
100.9
102.6
102.8
103.4
105.6
103.6
105.4
107.2
106.6
107.0
106.9
108.3
108.2
107.9
108.8
108.0
108.8
109.0
110.1
108.6
109.0
109.2
110.3
110.6
109.8
110.5
110.9
111.3
111.1
111.7
112.1
112.4
113.2
113.1
113.0
112.9
113.0
113.3
113.2
114.1
113.6
114.0
114.3
113.9
114.1
114.3
114.3
114.4
114.3
114.1
114.1
114.5
114.8
114.8
114.6
114.8
114.8
114.8
114.9
114.9
114.9
114.9
114.8
115.0
115.1
115.4
115.6
116.0
116.0
116.1
116.1
116.2
116.5
117.1
116.8
113.8
114.7
108.2
109.6
