-77.0
-74.1
-68.9
-65.4
-60.4
-63.0
-56.9
-49.8
-51.5
-60.8
-50.4
-45.7
-46.9
-53.6
-45.8
-46.0
-41.1
-48.4
-43.5
-38.0
-35.9
-37.3
-34.3
-35.3
-34.2
-31.9
-30.6
-32.1
-30.6
-30.4
-29.0
-29.5
-27.3
-27.9
-27.3
-28.5
-26.9
-27.8
-26.9
-24.8
-23.4
-23.2
-24.0
-23.5
-22.6
-22.8
-24.2
-23.6
-22.2
-21.2
-21.0
-22.3
-20.4
-20.1
-20.0
-20.2
-21.1
-19.2
-19.6
-19.5
-19.2
-19.5
-18.4
-19.0
-18.8
-17.9
-18.4
-18.0
-17.9
-18.8
-18.0
-17.5
-17.7
-17.3
-18.6
-17.9
-17.5
-17.0
-17.2
-17.5
-17.8
-16.8
-17.1
-16.7
-17.0
-17.4
-16.7
-16.7
-16.5
-16.4
-16.6
-16.4
-16.1
-16.0
-16.6
-16.2
-16.1
-15.9
-15.6
-15.7
