-94.1
-97.2
-91.0
-90.1
-93.3
-94.3
-93.0
-87.4
-79.6
-85.9
-81.8
-83.4
-80.4
-80.4
-78.3
-73.6
-71.5
-71.3
-68.3
-67.9
-65.9
-65.8
-67.2
-66.4
-68.3
-64.7
-68.0
-64.6
-66.7
-64.5
-66.1
-64.8
-64.4
-64.9
-62.4
-63.7
-63.1
-62.9
-62.9
-61.8
-62.1
-62.5
-62.3
-61.1
-60.4
-60.2
-59.7
-61.0
-63.9
-60.6
-57.7
-57.6
-58.0
-57.9
-57.6
-57.8
-57.2
-56.3
-56.9
-56.1
-56.2
-55.6
-55.3
-54.0
-56.6
-50.6
-50.5
-49.8
-49.5
-50.6
-49.4
-50.3
-50.1
-52.4
-49.2
-48.8
-48.5
-48.9
-52.6
-56.2
-55.9
-55.2
-54.4
-54.7
-56.3
-56.4
-54.9
-54.6
-53.8
-53.2
-52.5
-53.2
-49.9
-93.5
-57.1
-66.0
-62.1
-62.4
-58.0
-53.2
