73.2
71.9
74.1
77.4
78.1
80.1
77.4
80.4
75.7
77.2
77.4
77.7
78.6
81.5
82.5
80.2
83.4
83.8
82.3
82.7
85.5
87.8
86.0
89.9
91.7
95.0
98.0
99.2
100.4
103.8
101.4
104.8
106.1
104.4
107.8
101.9
103.0
105.8
109.8
109.8
108.8
112.5
111.4
113.0
114.7
115.7
116.3
114.4
114.0
117.4
116.9
120.7
116.7
119.4
122.8
121.4
114.1
118.7
107.3
119.4
121.7
116.5
124.8
124.5
125.0
125.4
120.6
124.3
119.8
128.6
127.6
124.8
111.6
125.1
126.8
126.2
126.0
128.4
128.8
126.5
127.4
131.3
129.9
130.5
129.6
129.0
133.0
131.8
130.2
131.1
131.8
133.7
131.5
133.3
117.0
128.7
129.6
130.7
131.8
130.9
