-81.8
-83.1
-78.8
-79.6
-82.0
-78.2
-76.9
-77.8
-73.9
-75.1
-76.7
-72.5
-69.5
-61.9
-58.3
-55.0
-54.3
-52.5
-51.6
-47.2
-48.8
-45.3
-44.9
-44.0
-41.3
-38.6
-38.6
-38.5
-37.3
-37.1
-34.7
-34.0
-34.0
-33.1
-31.9
-33.5
-30.9
-30.6
-28.8
-33.0
-30.7
-32.3
-28.5
-27.6
-26.4
-25.6
-25.5
-26.8
-27.5
-31.5
-29.5
-36.7
-25.9
-23.2
-23.4
-26.3
-29.4
-30.0
-24.5
-22.4
-23.6
-22.8
-23.1
-23.9
-23.4
-23.2
-22.2
-25.0
-21.2
-20.4
-22.6
-20.9
-25.4
-27.1
-20.6
-20.5
-18.6
-20.0
-22.5
-22.7
-30.9
-23.8
-22.0
-22.3
-27.5
-20.1
-23.6
-25.3
-21.9
-18.2
-17.8
-17.6
-17.4
-17.4
-17.4
-17.1
-20.1
-23.9
-43.1
-57.5
