-90.9
-88.4
-91.4
-89.7
-88.1
-85.1
-85.4
-86.5
-84.2
-83.6
-82.6
-80.1
-77.5
-78.5
-78.0
-76.7
-71.7
-74.1
-73.2
-68.9
-69.5
-71.5
-69.6
-68.6
-67.8
-69.8
-69.6
-65.2
-64.7
-62.9
-63.0
-59.7
-60.4
-62.0
-58.1
-60.5
-57.5
-59.0
-57.8
-58.2
-58.8
-58.1
-54.1
-54.0
-52.2
-53.8
-51.3
-50.2
-49.8
-49.1
-48.2
-48.4
-47.2
-48.6
-47.4
-48.5
-46.2
-45.4
-45.3
-45.6
-45.3
-44.8
-44.8
-48.0
-44.1
-43.7
-43.5
-43.5
-43.4
-44.1
-42.3
-42.2
-42.9
-42.4
-43.3
-46.1
-41.5
-41.8
-43.3
-41.3
-43.0
-50.4
-50.0
-40.8
-45.4
-48.8
-43.0
-40.0
-39.3
-39.1
-42.0
-44.5
-48.4
-54.1
-49.7
-47.0
-49.2
-50.9
-48.0
-45.8
