-87.1
-85.4
-80.4
-79.4
-74.1
-75.7
-67.6
-68.4
-67.6
-67.1
-64.9
-62.8
-63.4
-60.1
-61.1
-61.9
-59.0
-60.5
-59.0
-59.9
-58.8
-56.4
-56.6
-58.1
-56.3
-55.5
-51.8
-51.1
-53.4
-53.8
-52.0
-50.4
-51.6
-50.7
-50.0
-46.9
-43.3
-42.9
-42.7
-40.9
-41.1
-41.9
-43.5
-40.6
-40.2
-41.8
-41.2
-40.6
-38.6
-38.0
-38.2
-38.1
-37.5
-36.0
-36.2
-35.3
-35.3
-34.7
-34.5
-33.7
-33.6
-33.5
-33.1
-32.8
-32.5
-34.2
-31.9
-31.8
-30.8
-29.5
-28.6
-28.4
-28.0
-28.4
-31.5
-29.9
-28.5
-28.3
-29.0
-28.2
-28.0
-29.3
-28.5
-27.8
-26.7
-26.6
-26.4
-28.9
-27.3
-26.8
-26.7
-26.9
-26.8
-26.9
-26.5
-26.4
-25.7
-27.0
-31.5
-30.3
