-80.6
-81.6
-86.0
-84.3
-80.5
-83.8
-78.4
-85.2
-78.9
-79.7
-75.9
-74.7
-74.5
-73.4
-69.2
-70.7
-71.0
-70.3
-69.2
-69.8
-67.7
-62.8
-60.8
-59.5
-61.8
-61.8
-58.4
-57.8
-59.2
-59.3
-61.0
-63.6
-59.1
-56.0
-56.0
-52.9
-56.7
-51.9
-53.1
-52.3
-51.6
-50.7
-49.8
-50.0
-50.2
-49.9
-48.1
-49.7
-46.2
-48.4
-47.4
-46.9
-47.5
-48.1
-48.0
-48.2
-45.9
-45.5
-45.5
-44.8
-44.3
-44.9
-43.8
-43.3
-43.0
-43.2
-41.4
-41.6
-41.8
-39.3
-40.1
-40.0
-39.3
-39.5
-38.7
-38.4
-38.4
-37.5
-38.5
-37.6
-37.6
-37.1
-38.8
-38.6
-36.6
-37.3
-36.0
-36.8
-36.1
-36.2
-36.2
-35.2
-38.8
-41.8
-39.5
-38.3
-36.0
-33.8
-35.5
-34.2
