72.6
77.6
75.8
79.7
68.0
77.3
82.7
80.6
81.3
84.2
86.8
84.0
89.6
90.1
91.8
95.8
94.5
94.2
93.5
95.5
94.7
96.7
98.2
99.2
97.4
100.0
96.8
99.2
100.5
102.0
98.8
101.3
100.9
103.3
102.3
100.6
101.8
103.4
101.1
103.3
104.8
106.7
106.0
108.4
107.7
108.3
109.4
109.9
109.5
110.6
110.8
112.2
110.9
111.5
111.3
113.4
113.7
114.0
114.3
115.1
111.8
114.6
115.8
116.1
117.3
116.0
117.5
118.9
118.4
118.2
118.3
119.5
120.6
120.0
119.9
121.7
121.0
117.8
112.1
118.5
120.8
120.5
120.9
122.0
120.3
122.3
118.8
113.0
122.0
118.7
116.8
124.1
123.9
119.5
114.1
120.5
121.9
123.7
123.5
123.8
