-83.7
-81.6
-81.9
-81.7
-81.1
-77.8
-76.0
-75.7
-74.8
-76.6
-71.6
-69.1
-70.3
-66.2
-65.2
-64.1
-64.0
-59.3
-59.9
-59.2
-58.6
-57.8
-57.3
-57.0
-54.2
-53.7
-54.1
-51.5
-51.2
-51.7
-50.4
-49.2
-47.2
-47.2
-46.0
-45.5
-44.4
-44.8
-43.1
-43.6
-44.5
-43.8
-41.5
-41.5
-40.8
-40.1
-40.4
-40.5
-39.3
-38.8
-39.0
-39.0
-38.7
-38.0
-37.4
-38.8
-37.0
-37.1
-38.0
-36.4
-37.1
-36.7
-36.2
-36.0
-36.0
-35.8
-34.5
-34.3
-33.2
-33.1
-34.6
-33.1
-33.2
-33.3
-33.8
-32.9
-31.2
-31.0
-30.8
-30.9
-30.3
-29.8
-31.3
-31.5
-29.7
-29.2
-29.2
-29.3
-28.6
-28.6
-28.8
-28.2
-29.7
-29.1
-29.1
-29.0
-28.1
-27.8
-27.3
-28.4
