73.0
70.3
73.8
76.2
74.8
74.1
75.0
77.6
78.1
80.0
83.2
82.6
88.1
85.8
87.8
88.8
87.2
90.2
91.2
89.4
90.3
93.1
91.5
92.8
93.2
93.9
94.4
91.4
94.3
95.8
95.5
95.4
95.5
96.9
97.4
95.3
97.6
97.2
97.7
98.3
99.6
100.6
101.6
101.1
101.2
102.6
101.1
104.0
105.2
107.5
107.9
109.2
109.8
110.3
111.5
111.6
108.9
111.2
113.4
114.2
114.9
114.5
113.9
115.0
116.1
114.8
116.0
116.0
115.4
114.9
115.5
116.7
116.6
115.5
115.2
110.2
115.2
116.2
116.9
117.3
117.7
118.8
119.0
119.3
119.6
115.3
118.1
118.6
119.3
119.4
117.7
110.3
116.3
118.8
119.2
119.6
119.8
119.7
119.8
119.8
