71.5
74.7
80.4
80.9
82.8
85.4
85.2
87.0
89.0
89.3
90.4
91.7
90.9
93.3
93.0
93.5
92.8
93.6
93.4
94.9
95.0
95.8
95.6
95.6
96.1
96.7
96.0
96.2
97.2
97.7
97.3
98.2
97.4
98.0
98.1
98.3
98.9
98.0
98.2
99.1
99.9
100.1
100.1
100.6
100.9
101.5
102.0
102.9
102.9
102.0
100.9
98.9
102.0
103.2
103.6
103.5
104.9
104.6
104.6
105.2
105.2
105.2
105.2
105.9
105.6
105.7
105.7
105.8
105.8
105.9
104.9
103.0
96.9
98.8
96.7
101.4
103.0
105.8
105.9
106.4
106.3
106.4
106.6
106.8
106.7
106.6
106.8
106.8
106.8
106.8
106.9
107.0
106.9
106.9
107.0
106.9
106.9
107.0
106.9
107.0
