-76.4
-69.4
-65.0
-60.2
-56.4
-67.0
-57.6
-52.9
-50.9
-51.9
-53.2
-50.8
-52.6
-52.6
-46.8
-46.4
-47.2
-46.8
-45.2
-42.4
-41.2
-40.4
-37.1
-41.2
-36.6
-37.9
-35.3
-34.0
-35.8
-36.4
-33.0
-35.8
-33.5
-31.3
-31.8
-31.1
-32.5
-31.2
-30.4
-29.3
-28.5
-30.0
-32.2
-27.8
-27.8
-28.2
-27.9
-25.5
-28.3
-34.1
-35.9
-26.9
-29.1
-27.4
-24.2
-26.0
-24.1
-24.4
-25.6
-24.7
-24.6
-23.5
-25.0
-31.4
-22.5
-22.6
-23.1
-22.6
-21.9
-22.9
-24.0
-25.6
-24.5
-28.7
-28.7
-22.1
-20.2
-21.5
-24.0
-43.2
-36.5
-34.3
-32.8
-31.3
-29.4
-29.4
-29.1
-29.4
-27.8
-27.8
-27.6
-27.3
-27.3
-28.2
-23.2
-21.3
-21.9
-20.6
-19.1
-19.1
