68.0
78.1
81.7
80.5
82.4
85.0
85.9
88.6
88.9
91.5
94.7
93.3
95.0
101.1
101.5
103.7
103.1
105.9
106.9
106.9
108.0
109.1
109.5
112.4
111.4
111.8
111.6
113.2
112.3
114.0
114.5
116.3
115.2
115.0
116.1
117.2
117.0
117.7
120.5
119.1
119.4
121.2
121.0
122.1
123.0
122.0
123.1
123.9
124.5
125.0
123.0
126.1
125.2
126.7
126.2
126.5
127.4
127.5
128.2
127.5
128.2
128.6
129.6
131.2
131.2
132.0
132.0
132.2
132.9
132.7
132.9
133.1
133.6
134.9
134.1
134.5
134.4
134.4
135.9
135.8
136.5
136.1
136.5
136.2
136.6
136.8
137.0
137.2
137.0
137.2
136.8
136.9
136.9
137.8
137.4
137.8
137.4
137.7
137.9
138.2
