-95.0
-82.2
-84.5
-74.5
-77.2
-78.8
-76.1
-74.3
-79.9
-74.2
-72.8
-72.6
-71.1
-75.3
-74.3
-72.3
-69.8
-67.7
-67.1
-70.2
-70.0
-63.9
-69.2
-64.6
-73.6
-69.7
-64.1
-63.2
-61.1
-62.1
-68.4
-67.6
-61.0
-65.3
-60.3
-58.4
-57.8
-63.9
-65.3
-56.3
-61.2
-67.8
-64.6
-68.1
-62.0
-54.5
-55.5
-56.9
-50.6
-50.2
-50.3
-49.2
-49.2
-47.0
-45.4
-49.3
-47.7
-45.9
-47.4
-52.0
-56.9
-41.0
-49.0
-42.5
-45.3
-39.8
-39.6
-61.6
-69.8
-56.8
-55.4
-50.8
-48.6
-50.8
-47.7
-46.8
-47.1
-50.5
-44.4
-45.0
-47.2
-51.4
-44.4
-46.9
-45.0
-45.0
-41.9
-40.3
-38.8
-39.2
-41.7
-39.5
-40.9
-38.1
-42.3
-39.4
-36.1
-39.2
-45.5
-65.2
