64.5
67.4
70.8
66.6
74.2
72.0
76.0
74.0
74.2
72.3
76.0
76.7
76.5
80.2
80.7
80.8
80.7
81.5
83.0
85.1
81.0
87.6
88.3
87.1
88.4
88.8
89.8
89.6
89.0
90.2
90.3
90.6
91.8
93.7
94.4
95.7
94.2
95.5
95.4
96.1
96.8
96.2
97.1
97.1
97.8
96.7
96.2
98.4
99.2
97.8
97.8
97.0
98.1
98.9
100.1
101.7
101.7
101.6
102.9
100.3
102.1
103.2
103.3
100.3
105.1
103.5
104.8
105.8
105.5
105.6
105.7
107.4
107.7
106.4
107.6
108.7
109.4
108.7
107.7
108.7
110.0
110.1
110.4
110.2
111.2
111.7
111.3
111.1
110.9
111.5
112.7
110.1
108.8
110.3
111.3
111.4
111.3
111.7
111.5
112.1
