72.4
74.5
76.8
81.2
78.0
77.4
82.8
76.0
77.3
78.4
80.3
86.0
88.0
89.9
93.8
92.5
101.2
99.3
106.0
112.3
108.9
116.4
130.8
136.8
141.0
146.5
147.6
146.9
150.8
144.4
145.7
150.3
152.6
153.6
156.1
153.7
156.7
156.2
156.0
154.5
156.3
146.8
148.5
150.6
149.8
154.3
156.7
161.5
157.2
163.0
162.4
160.6
159.4
160.2
164.6
163.9
160.6
157.3
165.7
166.0
162.7
163.5
166.8
167.3
171.6
155.3
172.2
155.9
165.3
171.2
159.2
152.0
168.0
172.0
178.6
172.2
158.0
157.7
160.4
159.0
166.0
168.1
166.2
162.4
160.6
164.0
169.2
169.9
172.2
166.0
165.7
175.0
174.3
175.7
175.4
174.6
168.6
176.9
173.8
170.9
