67.8
71.7
75.6
74.2
77.8
84.6
80.9
86.2
83.6
88.4
87.9
88.4
89.2
90.6
91.9
94.5
94.8
94.7
91.6
97.5
96.5
98.7
98.3
97.6
100.4
101.0
101.5
101.9
104.2
100.4
106.0
104.4
105.8
106.8
111.4
113.0
111.8
112.7
110.9
109.2
107.3
111.1
114.7
117.1
115.1
115.9
118.4
116.9
114.7
116.9
117.7
115.0
120.0
122.7
117.4
115.9
119.0
121.5
120.4
113.5
121.2
124.2
124.9
126.7
127.4
129.4
130.6
127.0
129.8
135.8
133.5
134.7
134.2
121.0
125.1
128.0
129.4
131.8
130.0
133.9
131.3
135.3
135.9
137.1
122.2
130.0
133.4
127.1
136.0
138.0
133.5
132.8
125.2
131.9
137.6
130.0
103.9
128.9
125.1
126.1
