-85.8
-88.7
-79.3
-82.2
-75.6
-73.3
-69.1
-76.9
-67.4
-65.8
-62.8
-68.9
-62.5
-61.7
-61.0
-58.6
-62.3
-57.7
-58.9
-63.2
-60.2
-53.9
-53.2
-51.5
-56.5
-55.5
-51.4
-50.2
-49.4
-48.2
-47.0
-47.1
-47.3
-49.0
-49.1
-47.0
-52.9
-48.9
-48.4
-47.7
-48.9
-46.3
-50.5
-47.0
-44.5
-44.4
-43.6
-42.8
-43.2
-51.9
-44.9
-44.7
-42.6
-43.6
-48.0
-48.0
-43.3
-41.3
-37.8
-35.6
-39.3
-33.7
-35.6
-33.2
-32.4
-31.7
-32.0
-35.7
-32.1
-31.6
-33.1
-32.0
-33.0
-32.0
-33.0
-30.5
-30.1
-29.2
-28.9
-28.0
-28.2
-28.3
-27.9
-27.7
-29.5
-29.1
-28.3
-27.7
-27.6
-26.9
-26.4
-27.9
-26.5
-26.6
-27.1
-27.2
-29.4
-26.3
-35.5
-37.7
