69.7
84.3
81.6
74.5
93.9
90.6
102.1
102.5
102.6
106.6
99.8
95.9
100.7
101.4
102.0
106.2
106.8
101.6
104.1
101.1
101.9
102.6
99.6
107.2
99.9
104.5
109.0
112.4
113.0
112.7
118.9
117.0
120.8
122.5
119.8
104.1
110.7
109.6
117.5
114.8
117.7
111.2
120.1
125.0
117.6
110.2
119.1
122.8
123.7
127.2
131.4
128.9
132.8
130.0
128.0
133.6
135.6
137.5
137.5
145.8
128.4
123.6
121.7
131.1
133.8
137.3
138.7
133.2
134.3
134.7
137.9
130.4
134.1
136.0
130.6
129.6
133.1
136.0
135.6
136.5
136.2
135.2
138.9
137.6
138.1
139.0
138.8
133.3
136.5
138.2
138.6
140.1
140.8
140.6
143.3
139.1
122.6
132.8
127.2
128.3
