63.5
59.2
64.3
64.8
65.6
70.4
73.3
72.2
74.1
78.1
78.2
78.2
79.1
79.8
81.1
81.8
82.9
83.1
84.1
85.5
84.8
85.6
86.8
87.3
87.6
89.9
90.2
87.6
87.7
90.6
90.3
90.9
90.8
91.5
93.1
91.2
91.2
92.9
93.0
94.1
94.1
94.2
95.0
95.0
94.2
94.7
95.4
96.6
94.9
96.3
95.8
96.8
97.1
96.5
96.9
97.3
96.8
97.7
97.9
97.8
98.5
98.6
98.2
99.1
98.7
98.5
98.6
98.7
99.2
99.3
99.1
99.3
98.7
100.0
99.6
99.9
100.1
99.8
99.8
100.3
100.1
100.2
100.2
100.1
100.4
100.5
100.5
100.6
100.5
100.7
100.7
100.7
100.9
100.8
100.8
100.9
100.8
100.9
100.8
100.8
