60.8
73.4
81.3
76.3
85.6
85.9
88.4
89.5
105.5
112.0
113.6
115.2
108.1
113.8
118.3
123.3
108.2
118.2
128.8
124.4
128.5
126.5
129.3
129.5
124.5
130.0
138.8
136.1
137.8
144.1
139.3
147.7
141.7
145.4
146.5
146.7
153.2
152.2
150.2
155.8
156.8
158.4
156.8
160.1
161.9
163.8
159.9
163.7
165.3
167.0
167.5
169.2
172.7
171.3
169.8
171.8
172.0
169.7
175.7
177.1
171.7
175.1
174.5
178.8
174.8
176.0
177.2
176.8
175.7
177.6
178.0
174.0
178.3
177.7
178.8
179.0
182.3
178.6
175.1
172.2
177.9
181.5
181.7
177.1
184.3
169.7
180.1
175.4
172.1
175.1
177.2
176.3
166.0
174.0
175.6
178.5
181.4
185.3
185.2
183.6
