-92.5
-89.6
-87.6
-88.8
-92.7
-82.0
-88.9
-80.4
-79.2
-78.4
-73.7
-73.1
-72.5
-74.7
-73.6
-76.1
-70.5
-77.1
-80.6
-78.3
-77.3
-80.8
-77.5
-77.2
-68.8
-70.8
-67.7
-74.4
-68.1
-70.3
-67.8
-67.1
-60.9
-65.3
-67.1
-62.8
-63.8
-64.3
-62.7
-63.3
-59.6
-58.8
-59.9
-57.6
-74.6
-58.4
-59.0
-54.3
-55.4
-54.8
-53.2
-53.8
-53.5
-53.8
-50.5
-52.6
-50.0
-51.5
-49.4
-50.4
-53.7
-61.9
-60.5
-55.3
-45.7
-59.9
-63.5
-60.0
-48.1
-47.5
-47.8
-47.4
-46.8
-45.0
-44.4
-42.9
-44.7
-45.6
-44.1
-43.0
-42.5
-44.2
-43.2
-42.2
-40.3
-38.7
-39.6
-38.4
-39.0
-39.4
-38.8
-38.2
-37.5
-37.2
-37.2
-37.1
-37.0
-36.5
-37.9
-36.7
