-98.1
-94.2
-88.6
-92.8
-92.3
-93.1
-87.4
-91.7
-91.0
-88.4
-87.8
-87.3
-86.1
-83.6
-87.7
-81.5
-86.4
-83.4
-83.5
-83.9
-77.2
-76.0
-70.7
-71.3
-73.4
-69.5
-68.4
-66.9
-66.4
-64.2
-62.2
-59.3
-56.6
-56.4
-54.0
-53.7
-52.9
-56.8
-55.3
-49.3
-50.6
-49.6
-46.2
-50.1
-54.5
-51.7
-49.9
-47.7
-50.2
-48.6
-48.3
-47.9
-46.4
-51.0
-46.5
-47.5
-45.9
-46.0
-46.7
-46.4
-45.9
-43.5
-42.1
-42.8
-41.7
-39.8
-41.7
-43.0
-41.9
-42.8
-43.5
-46.6
-56.7
-49.2
-53.1
-54.3
-54.4
-52.2
-52.5
-48.8
-50.6
-47.3
-48.2
-47.2
-57.8
-78.0
-68.4
-54.7
-51.2
-51.5
-45.5
-49.7
-44.6
-46.2
-51.5
-48.4
-45.3
-42.8
-43.1
-44.6
