-100.0
-88.3
-85.8
-83.7
-78.9
-85.0
-78.6
-76.5
-75.2
-72.3
-74.8
-78.5
-72.2
-68.0
-69.5
-68.2
-67.9
-67.9
-67.3
-67.1
-66.1
-66.5
-66.1
-65.3
-65.7
-64.4
-63.2
-65.0
-65.6
-65.0
-64.3
-62.9
-63.1
-62.2
-62.6
-63.0
-63.0
-62.3
-62.6
-61.7
-61.9
-61.4
-61.1
-61.1
-61.1
-60.8
-60.6
-60.9
-60.4
-60.1
-59.9
-60.3
-59.6
-59.7
-59.6
-59.8
-59.9
-59.6
-60.2
-60.7
-60.1
-59.7
-59.3
-59.1
-59.2
-59.2
-59.2
-59.1
-59.2
-59.1
-59.1
-59.0
-59.0
-59.0
-59.0
-59.1
-59.0
-59.0
-59.0
-59.0
-59.0
-59.1
-59.0
-59.0
-59.0
-59.0
-59.0
-59.0
-59.0
-59.0
-59.0
-59.0
-59.0
-59.0
-59.0
-59.0
-59.0
-59.0
-59.0
-59.0
