-101.5
-99.4
-95.9
-95.9
-97.3
-95.7
-97.8
-95.6
-93.5
-89.6
-91.9
-90.2
-90.0
-89.5
-86.2
-86.9
-85.6
-87.2
-84.7
-85.0
-83.8
-86.4
-81.8
-83.2
-82.9
-81.9
-81.5
-78.1
-81.5
-78.3
-75.8
-74.0
-71.4
-74.2
-71.8
-71.3
-70.6
-70.5
-70.9
-72.4
-71.3
-68.8
-69.1
-71.2
-69.9
-65.7
-67.4
-68.3
-66.5
-63.5
-57.9
-74.5
-65.8
-66.7
-78.6
-73.6
-70.1
-61.1
-61.2
-67.1
-69.5
-60.1
-59.8
-62.4
-65.5
-65.7
-61.9
-58.0
-59.5
-67.9
-55.2
-53.7
-60.6
-59.0
-76.3
-67.0
-66.7
-61.6
-54.9
-57.3
-55.0
-55.2
-52.7
-52.3
-51.6
-53.2
-51.1
-49.3
-54.8
-65.9
-60.6
-56.5
-51.0
-52.0
-52.3
-51.9
-50.5
-49.3
-49.0
-49.8
