78.2
80.6
75.8
78.8
86.1
88.0
89.3
86.1
88.2
91.8
92.6
92.6
94.8
98.1
97.5
97.1
100.5
103.2
102.1
101.8
105.6
103.2
107.0
105.3
108.4
109.5
110.3
108.6
109.1
110.8
108.7
111.0
111.4
112.7
112.8
113.3
111.1
111.8
112.9
114.6
113.0
114.8
116.7
116.1
116.5
117.5
117.2
118.4
115.9
117.2
117.6
115.6
115.0
117.3
117.4
120.3
120.7
120.0
121.5
122.0
118.6
116.6
116.1
119.1
123.1
114.2
114.7
118.4
119.5
121.5
96.9
106.3
114.8
109.5
122.2
114.5
115.6
115.0
115.7
120.0
121.1
121.8
122.1
122.6
121.8
119.3
125.3
117.8
115.6
96.7
115.4
111.6
114.6
119.0
113.3
120.2
122.3
122.2
119.9
119.6
