-101.5
-90.6
-75.8
-77.5
-77.0
-70.6
-71.6
-73.0
-70.8
-73.6
-68.8
-67.5
-67.7
-69.0
-71.3
-61.9
-62.4
-63.6
-66.0
-63.0
-61.7
-60.0
-59.8
-59.6
-61.5
-58.2
-59.7
-58.7
-55.4
-58.4
-60.3
-60.8
-54.5
-54.3
-52.2
-53.8
-50.6
-49.6
-50.8
-52.9
-50.5
-50.8
-48.0
-49.9
-48.9
-47.4
-46.4
-45.8
-49.8
-48.3
-46.6
-48.2
-47.3
-46.3
-48.4
-44.3
-43.1
-42.9
-43.2
-42.4
-43.7
-42.4
-42.5
-41.1
-43.0
-42.6
-41.3
-41.5
-40.2
-38.3
-40.9
-40.1
-40.8
-40.0
-39.4
-38.8
-40.2
-39.4
-38.5
-37.8
-36.5
-36.9
-37.6
-36.0
-35.0
-35.2
-34.5
-34.5
-35.5
-42.4
-38.2
-37.9
-36.3
-40.2
-41.2
-41.8
-39.7
-38.0
-39.4
-38.5
