-98.6
-88.3
-85.2
-80.0
-86.2
-81.0
-73.8
-78.0
-78.9
-81.4
-69.5
-66.5
-66.1
-63.0
-62.5
-61.6
-58.2
-63.2
-63.6
-60.1
-56.2
-57.8
-55.3
-55.5
-55.2
-55.5
-54.5
-56.9
-58.8
-57.7
-59.0
-56.6
-56.5
-55.5
-52.8
-50.1
-51.7
-48.4
-51.8
-49.6
-47.3
-44.4
-45.4
-43.9
-41.9
-40.8
-47.1
-42.8
-42.8
-41.1
-37.7
-37.4
-38.2
-38.4
-36.6
-38.4
-39.9
-38.5
-39.9
-38.0
-38.4
-41.0
-35.4
-40.5
-35.4
-40.1
-40.4
-39.1
-35.7
-34.3
-33.9
-35.2
-37.6
-33.8
-33.5
-33.4
-30.6
-30.7
-30.6
-31.4
-31.8
-31.9
-34.1
-29.5
-29.0
-30.5
-40.3
-45.0
-38.3
-35.8
-32.7
-33.2
-33.0
-41.4
-37.2
-33.5
-33.0
-32.6
-33.0
-31.2
