-81.4
-81.4
-80.9
-81.1
-77.2
-76.6
-73.4
-69.2
-68.5
-66.2
-66.0
-60.2
-55.6
-52.9
-55.2
-47.7
-48.7
-48.6
-45.8
-48.4
-44.9
-43.2
-44.1
-42.6
-42.2
-42.3
-44.2
-43.4
-41.2
-43.9
-42.6
-40.7
-39.6
-38.9
-39.7
-38.7
-39.0
-38.8
-41.3
-38.7
-37.9
-36.0
-36.2
-35.9
-35.0
-33.8
-33.4
-34.3
-33.0
-33.0
-32.7
-32.0
-31.5
-30.6
-32.2
-31.6
-31.6
-31.2
-30.0
-30.1
-30.7
-29.7
-28.2
-28.2
-27.9
-27.7
-27.9
-26.3
-26.4
-25.6
-24.8
-24.7
-24.5
-23.8
-22.5
-23.2
-23.4
-24.6
-23.5
-23.1
-21.4
-22.0
-20.2
-19.5
-19.6
-19.4
-19.6
-19.2
-19.3
-18.8
-18.5
-18.4
-18.3
-18.5
-18.2
-17.8
-17.5
-17.4
-17.8
-17.5
