62.9
81.0
85.8
87.1
90.9
97.7
96.4
105.4
104.4
104.5
107.2
107.1
101.0
99.4
110.0
109.8
111.0
112.4
111.0
118.6
118.2
116.8
117.7
118.6
121.6
124.3
128.9
123.8
128.0
132.7
136.6
130.3
135.7
141.3
136.2
134.1
144.4
123.2
135.5
134.4
134.7
133.4
139.5
149.8
147.6
151.3
147.9
141.8
150.8
151.0
152.8
160.4
144.7
147.1
154.9
163.1
174.8
164.5
166.7
166.0
168.4
173.9
176.6
185.0
187.5
180.2
181.3
186.1
172.5
148.6
152.4
150.7
160.0
165.2
181.8
184.5
181.8
185.3
184.8
174.8
160.8
165.2
186.3
187.9
200.0
186.8
189.8
191.1
191.3
189.6
182.1
194.8
183.6
188.5
175.7
182.5
184.4
159.2
182.7
182.2
