80.2
77.7
83.5
85.8
86.0
86.4
87.5
87.4
88.4
90.0
90.7
91.4
91.2
91.9
93.8
93.3
93.8
93.6
95.0
96.0
95.4
95.8
96.8
96.3
96.9
97.0
98.1
98.9
97.9
98.2
98.5
99.0
98.9
99.4
100.0
100.2
100.7
101.4
102.0
101.8
102.5
102.7
103.5
103.0
102.8
104.0
103.8
103.6
104.7
104.4
104.6
104.9
104.8
104.7
105.6
105.3
105.1
105.5
106.0
104.5
105.9
105.2
106.9
106.9
105.7
102.5
105.0
104.9
105.6
104.5
106.3
104.8
107.0
107.3
107.5
106.7
105.4
105.7
106.2
106.1
107.3
107.6
107.8
107.8
107.9
107.8
108.0
107.7
107.7
106.5
106.1
103.8
105.4
105.3
106.2
105.9
107.2
107.9
107.9
107.9
