71.1
76.9
76.3
73.5
79.8
79.3
81.9
80.9
85.0
84.5
83.7
86.1
90.7
90.9
87.9
91.2
90.9
91.2
96.3
96.4
95.5
97.8
99.0
101.7
100.0
102.1
103.0
99.7
101.7
105.6
105.5
105.1
107.3
108.1
108.2
109.3
110.8
111.2
110.9
109.1
112.7
110.9
104.0
113.1
112.5
112.4
106.8
113.4
115.1
117.3
118.6
118.9
119.5
119.5
119.4
117.4
120.2
121.3
121.7
122.7
122.0
120.4
123.5
123.8
122.6
121.0
121.0
115.8
119.2
117.9
121.0
122.9
126.8
125.8
125.5
124.9
113.7
119.0
125.9
121.7
110.3
121.9
126.2
127.7
126.5
126.2
128.0
127.6
118.6
124.0
120.1
123.2
117.9
124.2
123.3
124.4
118.6
121.3
121.1
118.5
