70.4
68.5
72.8
82.2
82.8
84.4
84.2
85.8
88.2
88.4
91.1
91.3
91.9
94.2
90.8
91.2
93.9
93.8
94.2
94.2
94.1
95.9
95.8
96.3
98.1
98.2
97.1
98.0
97.2
98.4
98.6
99.4
100.0
100.8
102.0
102.9
101.9
103.0
104.2
103.6
104.3
105.1
105.9
104.7
105.0
105.5
106.3
107.4
105.8
108.0
108.6
108.6
109.9
109.8
109.1
109.1
108.6
109.5
109.6
110.1
111.3
111.2
111.9
111.4
111.9
111.4
110.9
112.5
113.3
114.2
112.0
97.6
106.9
100.2
107.4
110.1
110.2
113.7
115.8
113.8
114.1
117.4
116.8
119.1
120.5
120.6
120.9
122.8
123.8
124.7
126.3
124.9
125.2
126.8
127.6
127.9
122.1
126.4
127.0
126.2
