-94.0
-92.0
-84.0
-82.3
-81.1
-81.1
-71.0
-66.4
-60.7
-54.8
-51.3
-49.0
-51.3
-44.6
-45.4
-43.0
-40.4
-42.2
-40.4
-39.8
-39.4
-39.9
-37.7
-35.1
-34.5
-35.5
-35.1
-33.5
-31.3
-33.5
-31.4
-31.8
-31.8
-30.7
-29.6
-29.3
-28.3
-29.2
-29.7
-28.2
-27.9
-27.4
-27.1
-26.1
-27.0
-25.3
-25.5
-25.9
-25.7
-25.6
-25.2
-25.4
-24.5
-24.3
-24.1
-24.0
-23.0
-23.0
-22.9
-22.6
-22.1
-22.0
-22.4
-23.5
-21.2
-21.5
-22.0
-21.3
-22.6
-21.6
-21.0
-20.7
-21.4
-21.3
-23.1
-20.3
-19.8
-20.8
-20.1
-20.2
-20.1
-19.9
-20.5
-19.8
-19.9
-19.8
-19.4
-19.5
-19.6
-19.5
-19.3
-19.3
-19.1
-19.2
-19.2
-19.2
-19.2
-19.1
-19.4
-19.1
