70.3
73.4
74.2
74.8
75.3
78.5
77.4
81.8
83.1
84.8
84.7
85.9
86.6
88.8
90.1
86.7
93.6
91.5
94.1
98.3
93.5
101.5
96.9
95.5
101.6
101.9
105.6
98.2
103.6
101.2
100.8
103.4
104.8
106.9
111.5
109.2
110.5
110.8
113.3
108.6
99.1
97.2
100.1
100.5
100.3
101.0
100.7
102.0
100.9
102.2
101.7
103.0
103.7
103.9
105.2
104.8
105.8
106.3
107.0
106.4
107.5
106.4
106.9
107.1
107.4
107.1
107.2
108.0
108.6
107.9
109.0
109.0
109.3
110.1
109.8
108.9
110.3
110.5
112.4
114.3
117.2
116.8
111.8
116.2
122.1
118.8
104.5
106.2
112.2
119.7
133.0
127.3
85.4
109.2
120.0
122.5
117.9
124.1
123.6
123.7
