69.7
74.2
82.0
80.0
77.3
81.4
85.6
82.0
86.2
83.5
89.3
90.2
94.9
94.6
94.4
92.1
95.5
95.3
100.2
101.6
99.6
102.7
99.9
100.5
104.6
103.0
101.3
105.8
101.1
106.8
105.3
108.2
109.0
109.5
111.0
108.9
109.4
110.0
108.5
107.3
110.5
111.0
113.0
111.1
112.8
112.2
112.9
114.9
116.7
114.4
113.7
115.7
114.4
111.6
113.7
116.6
116.9
118.1
119.0
119.7
118.5
119.5
118.8
123.5
124.3
124.4
124.0
123.1
120.2
124.7
126.5
125.2
124.1
127.1
126.5
126.8
122.5
124.6
121.6
126.1
124.1
128.2
128.6
128.2
123.4
99.5
117.0
119.1
122.8
124.7
115.2
116.5
126.2
131.2
131.3
130.9
120.2
98.0
109.3
113.7
