93.2
99.1
104.5
95.8
104.1
107.1
113.6
113.6
118.4
117.6
116.6
119.3
120.4
121.5
124.3
123.2
125.0
123.3
123.1
125.5
128.4
128.5
127.6
129.4
128.9
129.0
131.8
131.5
132.3
133.1
134.1
134.9
135.8
132.1
134.8
137.2
136.9
136.4
138.3
138.2
137.8
138.1
140.4
139.0
140.4
136.9
140.6
135.5
127.4
128.1
138.7
135.6
136.5
132.5
140.3
142.1
142.8
143.3
144.4
143.9
144.7
145.8
147.1
144.9
140.3
141.5
137.8
140.7
143.2
145.6
144.6
145.9
147.8
148.8
149.3
148.5
149.3
146.6
148.9
149.5
150.6
151.4
151.6
151.4
151.6
151.2
152.0
152.4
152.1
152.3
152.2
151.9
152.2
152.5
152.2
152.4
152.5
152.8
152.8
152.7
