74.8
75.4
80.7
80.6
80.7
82.5
82.9
83.7
86.0
85.6
90.7
92.7
91.5
94.9
90.7
93.6
96.2
92.3
96.6
98.4
99.0
99.6
99.0
101.6
100.6
101.0
105.7
105.5
109.9
105.4
109.2
111.7
111.9
114.9
118.1
116.0
119.0
121.2
120.1
99.5
96.7
106.4
113.2
113.9
115.7
115.1
112.6
115.1
117.2
116.6
118.2
114.3
121.7
121.2
123.6
120.5
101.5
95.1
103.0
110.8
115.8
119.4
124.9
125.0
129.8
131.9
132.5
127.1
128.7
130.9
129.1
121.0
131.2
134.4
134.0
134.2
135.3
134.2
128.9
124.0
100.4
122.5
124.1
130.5
127.5
128.2
127.9
123.2
131.5
123.7
129.1
128.5
124.7
131.7
129.6
130.7
122.0
124.0
126.2
130.0
