-115.7
-100.0
-90.2
-94.8
-92.0
-85.4
-87.2
-85.3
-85.4
-87.9
-87.0
-83.3
-83.4
-83.0
-80.2
-79.4
-77.5
-80.4
-83.2
-76.4
-76.9
-73.6
-73.8
-69.5
-71.6
-70.3
-69.8
-77.6
-78.1
-75.5
-75.6
-70.3
-73.4
-70.7
-69.3
-69.2
-71.4
-71.7
-68.3
-65.0
-63.9
-61.7
-61.5
-60.8
-61.2
-57.8
-58.5
-56.7
-62.3
-56.0
-52.7
-52.8
-53.8
-53.5
-57.3
-50.4
-53.0
-51.5
-48.7
-46.2
-48.3
-51.0
-47.5
-46.8
-44.4
-46.5
-44.8
-44.4
-43.3
-48.1
-42.5
-42.8
-45.4
-48.4
-47.5
-45.3
-46.3
-43.8
-42.5
-42.7
-42.4
-45.5
-46.5
-44.2
-43.2
-42.2
-42.1
-43.5
-44.3
-50.7
-45.3
-45.8
-44.3
-38.8
-39.6
-42.1
-40.9
-47.1
-47.0
-46.5
