-86.7
-84.2
-71.9
-71.2
-65.1
-65.9
-61.6
-57.4
-55.0
-51.9
-46.6
-41.0
-38.9
-38.3
-33.9
-34.8
-34.0
-34.0
-29.6
-32.1
-32.5
-28.7
-30.5
-28.6
-27.0
-26.9
-24.8
-25.4
-25.6
-21.5
-19.8
-19.2
-18.6
-23.7
-18.6
-19.1
-16.8
-16.2
-16.1
-15.5
-17.4
-15.5
-17.1
-15.2
-16.1
-19.3
-14.5
-15.1
-15.7
-14.5
-14.4
-12.5
-11.7
-12.2
-11.6
-13.8
-10.9
-10.4
-10.1
-10.0
-10.8
-9.4
-9.7
-9.9
-9.3
-10.4
-9.7
-8.8
-9.7
-9.1
-10.1
-19.2
-14.1
-11.4
-11.1
-10.3
-10.4
-9.6
-8.6
-8.5
-8.3
-8.0
-7.7
-7.9
-7.4
-8.0
-14.8
-11.5
-9.4
-8.1
-7.7
-7.3
-6.9
-7.5
-7.2
-8.9
-8.0
-16.7
-15.6
-10.6
