55.3
61.1
56.4
63.4
72.9
73.3
84.7
83.5
88.0
80.6
86.6
85.0
91.3
96.7
94.6
100.7
101.5
109.5
98.5
104.9
108.7
102.1
91.3
105.5
110.3
108.0
109.4
109.1
116.3
114.2
120.6
125.7
124.2
114.4
122.9
123.0
122.4
128.7
135.0
123.8
110.4
129.4
116.1
119.8
124.7
123.1
130.7
125.7
124.8
129.9
130.5
129.8
129.4
116.6
129.0
124.0
129.2
132.5
122.8
126.1
124.9
129.5
133.4
132.7
132.4
132.1
133.1
130.5
135.2
135.2
134.6
136.3
137.7
138.9
132.2
132.9
131.9
134.1
135.2
137.2
138.2
139.9
134.4
137.3
140.6
133.9
137.9
138.3
139.5
132.3
139.3
142.5
140.6
129.9
134.3
135.1
137.3
136.4
136.3
139.0
