51.1
61.8
64.2
64.6
63.9
61.8
63.7
62.2
64.1
67.1
64.7
63.9
66.0
66.8
70.0
67.2
72.8
71.9
71.1
76.5
75.1
77.3
81.4
77.9
80.9
80.6
80.5
82.6
85.6
84.0
84.7
85.7
84.5
86.0
86.0
85.5
84.5
85.5
86.4
86.2
87.8
87.0
88.9
88.3
87.8
87.5
88.2
89.3
89.7
90.0
90.6
90.8
91.9
91.9
92.1
92.8
93.2
92.7
93.3
93.4
93.2
93.8
94.0
94.1
94.1
94.5
94.2
94.1
94.6
94.5
94.6
94.6
94.5
94.4
94.7
94.7
94.6
94.9
94.8
94.8
94.8
94.7
94.9
94.9
94.9
94.9
95.0
95.0
95.0
94.9
95.0
95.0
95.0
95.0
95.0
95.0
95.0
95.0
94.9
95.0
