-100.4
-100.6
-98.0
-96.1
-90.7
-93.8
-86.5
-89.7
-83.9
-82.7
-78.8
-83.6
-80.0
-77.7
-77.1
-76.1
-75.0
-75.8
-73.6
-71.2
-72.5
-73.0
-73.2
-72.0
-72.1
-70.2
-70.3
-71.3
-70.1
-68.9
-68.8
-71.1
-70.2
-70.2
-69.4
-67.7
-67.2
-66.9
-66.5
-67.0
-66.4
-65.8
-65.8
-63.9
-64.7
-66.6
-64.0
-63.9
-64.1
-63.5
-60.9
-61.6
-61.9
-60.8
-61.1
-60.5
-60.0
-60.4
-59.5
-60.5
-59.9
-59.2
-58.8
-58.7
-58.8
-57.3
-59.0
-59.9
-63.3
-59.5
-58.0
-56.6
-61.1
-58.5
-55.4
-55.3
-53.3
-54.0
-53.6
-53.0
-52.5
-63.6
-67.0
-58.7
-55.4
-53.8
-53.2
-52.3
-52.2
-62.0
-61.4
-63.2
-63.4
-62.6
-59.6
-54.8
-52.9
-52.8
-52.5
-52.2
