77.6
81.1
83.9
87.7
91.5
92.0
99.3
98.0
99.2
100.9
106.6
107.9
110.4
112.0
114.9
118.0
119.6
120.8
120.8
118.0
120.5
122.8
117.4
118.5
124.4
123.0
124.4
127.8
135.4
132.3
135.8
132.9
137.2
136.4
138.6
142.6
137.0
144.1
143.8
140.9
142.9
145.8
148.9
144.4
148.4
147.9
147.1
145.5
140.5
149.1
145.7
145.0
143.2
150.0
149.9
154.2
149.9
150.1
149.6
148.9
155.6
158.2
153.9
152.4
155.8
155.2
158.1
159.0
160.0
161.6
160.9
164.6
166.5
162.1
165.5
163.6
165.0
161.9
159.8
155.7
161.0
170.4
167.5
169.1
167.8
159.9
164.2
169.0
169.7
168.0
171.4
168.6
167.6
169.2
171.2
166.4
168.3
171.3
153.3
158.5
