-102.1
-94.1
-95.9
-95.5
-93.8
-88.8
-86.3
-86.8
-83.0
-84.8
-83.1
-81.0
-79.9
-79.8
-78.9
-80.5
-78.2
-77.9
-78.2
-77.1
-76.3
-75.9
-75.0
-74.7
-73.9
-73.4
-71.1
-71.2
-71.9
-70.5
-70.6
-70.8
-70.1
-68.3
-68.5
-68.9
-67.8
-68.8
-68.7
-68.2
-66.7
-66.2
-66.6
-66.0
-65.7
-66.0
-65.7
-65.3
-65.4
-65.2
-64.6
-64.3
-64.2
-64.2
-64.0
-64.5
-63.9
-64.1
-63.9
-63.8
-63.9
-63.7
-63.7
-63.0
-63.4
-63.1
-63.0
-62.8
-63.2
-63.1
-62.6
-63.0
-62.6
-62.4
-62.3
-62.3
-62.3
-61.8
-61.8
-61.8
-61.7
-61.9
-61.3
-61.5
-61.5
-61.9
-61.9
-61.3
-61.4
-61.2
-61.2
-61.1
-61.2
-61.3
-61.3
-61.1
-61.1
-61.1
-61.2
-61.1
