-100.2
-92.6
-92.8
-89.8
-90.6
-90.8
-82.3
-83.7
-79.9
-79.4
-80.4
-78.9
-78.8
-76.4
-76.4
-76.9
-75.5
-74.9
-71.5
-70.6
-71.0
-72.2
-69.9
-68.9
-69.4
-68.5
-68.4
-67.7
-67.2
-67.0
-67.1
-67.2
-65.9
-66.1
-66.1
-65.4
-65.0
-65.0
-63.8
-62.6
-59.1
-59.1
-57.3
-57.8
-56.9
-56.9
-56.6
-57.2
-56.3
-56.0
-54.3
-55.7
-69.8
-68.0
-66.2
-64.7
-62.4
-62.2
-60.8
-58.8
-53.3
-50.0
-50.8
-48.9
-48.8
-59.4
-51.8
-48.6
-48.9
-40.3
-39.2
-52.1
-43.8
-45.2
-43.1
-42.9
-38.0
-37.1
-41.4
-42.2
-40.1
-42.6
-43.3
-39.5
-39.0
-40.6
-38.3
-38.3
-35.7
-35.0
-44.0
-39.7
-37.2
-34.9
-31.4
-31.2
-29.1
-28.3
-28.7
-29.5
