-88.1
-89.6
-83.6
-73.9
-70.8
-60.0
-57.6
-55.5
-58.1
-76.1
-52.6
-59.1
-63.0
-53.7
-60.4
-53.5
-48.7
-46.3
-44.5
-43.9
-44.1
-45.3
-42.8
-50.8
-44.6
-44.5
-40.7
-41.8
-43.0
-40.8
-38.5
-37.0
-37.0
-35.9
-37.9
-40.4
-36.5
-35.5
-34.6
-31.9
-32.9
-34.4
-36.6
-33.7
-32.4
-32.0
-36.4
-35.6
-37.5
-31.4
-30.9
-30.4
-31.5
-31.0
-29.6
-29.0
-28.9
-28.5
-28.1
-30.2
-29.1
-27.8
-28.9
-27.3
-28.0
-29.1
-27.1
-26.5
-26.2
-27.6
-26.9
-26.0
-26.8
-26.9
-27.1
-27.7
-25.9
-25.5
-25.3
-27.1
-35.6
-71.6
-32.3
-30.9
-28.8
-44.6
-40.7
-27.2
-32.9
-29.2
-27.4
-27.3
-26.6
-26.4
-25.9
-25.4
-25.3
-25.3
-25.2
-25.1
