63.5
64.0
66.5
61.0
63.8
78.9
85.1
79.1
86.2
87.6
81.9
82.6
89.4
90.3
92.4
94.1
96.6
94.8
91.1
99.9
96.2
96.7
97.4
99.6
103.3
103.5
103.5
105.8
103.5
102.4
105.4
107.2
107.5
108.8
110.3
108.8
110.4
111.0
111.8
110.7
113.2
111.3
111.7
112.5
112.2
113.8
114.7
115.0
114.5
114.3
116.4
117.2
116.6
116.6
116.9
117.0
117.6
117.6
118.5
117.4
117.7
118.6
119.6
119.6
118.8
120.2
120.9
121.4
121.3
121.7
121.9
122.5
121.9
122.1
122.8
122.5
122.8
123.2
123.4
123.6
123.3
123.4
123.8
124.0
124.4
123.6
124.0
124.4
124.1
124.4
124.5
124.5
124.5
124.7
124.6
124.6
124.7
124.5
124.7
124.8
