61.5
63.7
67.6
75.7
80.8
82.8
81.6
86.6
88.8
86.6
86.2
87.6
86.8
89.7
89.0
90.4
92.2
94.9
94.3
95.9
100.1
100.1
97.1
101.1
100.5
101.0
103.0
104.3
105.5
103.2
109.0
109.3
107.4
106.7
108.1
105.0
110.2
110.8
112.3
110.7
109.1
110.0
110.0
113.8
114.1
113.4
114.6
116.4
117.0
116.5
114.0
112.2
115.3
115.2
114.0
117.8
122.8
124.5
123.5
125.2
123.3
123.9
124.4
124.6
120.4
119.1
119.3
121.2
114.8
113.2
116.2
119.0
116.6
115.3
124.0
71.5
127.5
121.8
115.3
114.4
117.7
125.4
121.8
124.1
123.7
130.7
123.3
63.8
73.4
76.2
78.1
78.7
78.9
79.8
81.3
87.0
86.5
101.7
100.4
94.2
