-88.6
-88.3
-89.8
-80.0
-79.5
-76.0
-72.8
-68.8
-70.0
-69.1
-69.6
-67.0
-69.7
-65.1
-64.9
-61.6
-62.0
-62.0
-62.5
-58.2
-57.9
-57.4
-60.2
-56.8
-55.2
-55.7
-56.5
-57.0
-56.3
-54.7
-53.7
-53.9
-54.4
-54.3
-53.2
-53.7
-52.7
-50.7
-51.2
-49.9
-50.6
-51.1
-48.5
-46.6
-47.1
-43.8
-42.8
-42.5
-40.0
-39.5
-40.6
-38.6
-37.0
-36.2
-34.2
-34.6
-33.3
-33.6
-32.7
-32.7
-31.9
-32.1
-31.8
-31.2
-32.2
-30.5
-29.9
-30.2
-28.7
-28.3
-29.0
-28.5
-28.5
-28.9
-29.2
-28.1
-29.1
-28.2
-27.2
-28.2
-28.5
-27.0
-27.1
-26.8
-25.0
-24.6
-26.4
-25.6
-27.6
-25.0
-25.8
-22.9
-22.9
-21.5
-23.5
-22.5
-21.8
-24.9
-27.9
-27.9
