70.4
64.9
69.6
72.9
71.2
75.1
77.8
74.7
75.9
78.0
77.7
79.9
78.6
79.2
81.4
79.7
80.0
83.3
83.0
82.6
81.7
82.6
83.6
84.7
85.0
84.9
83.7
85.1
85.7
85.0
85.9
84.4
85.5
86.4
85.7
86.9
86.0
88.2
87.0
88.0
88.3
86.8
89.5
89.6
88.9
89.7
91.1
90.9
91.2
90.0
91.2
92.1
91.5
92.6
91.5
87.0
78.3
86.8
95.1
98.3
101.0
102.1
102.4
102.8
103.5
104.8
101.8
91.9
101.8
110.2
109.1
109.0
116.4
119.4
119.4
116.2
118.3
120.4
121.2
121.5
127.2
113.5
127.0
119.9
121.3
126.2
134.5
137.1
134.3
135.0
123.7
133.1
125.5
133.8
131.9
133.9
135.7
143.0
141.1
135.8
