53.4
55.8
61.5
64.6
66.3
67.2
76.4
74.5
73.7
80.5
75.0
80.2
82.8
82.8
82.3
83.6
83.9
85.2
84.4
85.7
85.5
86.0
86.6
86.6
86.6
86.8
87.0
88.1
89.3
89.5
90.0
90.0
89.6
90.0
90.2
91.5
91.1
92.2
92.4
92.8
92.9
94.1
94.3
94.7
95.8
97.1
93.7
99.1
102.7
100.7
98.4
82.4
97.4
97.8
99.7
102.2
104.2
106.4
107.5
108.0
109.5
99.2
107.1
105.6
107.4
107.8
112.4
112.2
113.1
115.0
115.5
115.3
117.4
118.8
119.5
119.8
120.4
121.0
121.3
122.0
120.1
121.6
121.6
120.0
119.1
121.7
122.8
123.0
119.9
121.5
121.3
105.2
99.8
117.1
121.0
120.9
116.7
112.3
98.5
106.1
