68.9
76.5
106.5
128.6
136.1
161.3
158.4
117.9
165.7
150.8
147.0
177.6
184.7
168.6
171.6
176.3
135.3
171.5
151.2
181.4
171.3
186.1
196.5
166.1
184.6
205.0
196.4
179.4
168.7
185.7
189.4
198.3
212.3
200.4
200.0
198.1
203.9
197.4
202.8
192.8
208.2
215.7
210.0
206.2
186.7
196.2
209.0
209.2
211.3
208.9
185.3
194.0
204.8
207.1
218.8
226.4
208.8
200.0
201.8
161.9
210.2
202.2
213.6
194.1
223.3
156.6
158.6
223.7
166.5
220.0
198.5
208.0
195.4
205.8
209.1
194.1
207.1
213.7
214.5
210.6
203.3
205.0
205.0
209.9
213.2
210.3
215.1
215.0
216.2
204.9
211.9
210.8
206.7
211.3
211.1
224.8
218.9
200.3
225.4
163.8
