68.4
71.7
74.9
75.8
74.6
82.0
83.5
86.0
86.7
82.9
90.5
87.7
94.4
91.1
93.6
90.3
95.7
96.9
96.5
102.1
106.7
98.2
102.4
100.7
103.3
108.4
107.1
106.9
114.6
112.2
114.4
116.7
110.8
115.4
120.9
117.5
120.0
115.5
118.4
125.4
123.8
125.8
125.6
126.3
124.9
127.1
126.7
118.3
126.5
128.3
131.6
132.7
132.5
135.7
136.0
133.5
128.2
133.9
141.2
131.3
138.2
143.0
140.2
139.2
138.1
139.6
141.0
146.8
138.9
142.9
143.6
118.3
122.2
135.3
147.8
145.4
151.5
147.9
142.2
138.6
136.5
143.1
142.6
142.4
143.6
147.6
144.7
144.6
145.5
145.9
147.9
146.0
148.9
147.4
147.2
149.5
147.9
148.9
148.2
146.9
