-95.3
-92.5
-87.5
-83.1
-82.9
-81.4
-82.2
-80.0
-79.6
-78.2
-77.3
-77.9
-76.2
-75.9
-76.1
-76.6
-76.1
-75.0
-75.2
-74.2
-74.6
-73.5
-73.6
-72.9
-72.2
-72.8
-72.1
-71.8
-72.5
-71.5
-72.1
-71.7
-71.2
-70.1
-70.1
-69.9
-68.9
-69.2
-68.8
-67.4
-67.6
-67.3
-67.3
-66.7
-66.1
-65.7
-65.7
-65.7
-65.5
-64.8
-65.0
-64.4
-63.7
-63.7
-63.4
-63.2
-62.7
-63.0
-62.7
-62.7
-62.7
-62.2
-62.3
-62.3
-61.7
-62.1
-62.2
-62.3
-62.1
-61.9
-61.9
-61.8
-61.5
-61.4
-61.5
-61.3
-61.2
-61.4
-61.3
-61.1
-61.3
-61.2
-61.1
-61.1
-61.1
-61.2
-61.0
-61.1
-61.0
-61.1
-61.1
-61.0
-61.1
-61.0
-61.0
-61.0
-61.0
-61.0
-61.0
-61.0
