-95.4
-84.9
-67.9
-58.7
-52.8
-48.9
-51.1
-49.3
-47.0
-44.5
-43.0
-43.5
-41.1
-45.5
-40.3
-39.9
-39.1
-40.8
-41.4
-37.9
-36.8
-35.9
-36.2
-38.6
-36.5
-36.3
-35.8
-37.7
-34.2
-35.0
-35.5
-32.5
-33.4
-32.5
-34.1
-32.1
-33.7
-36.3
-34.4
-37.2
-40.1
-43.1
-45.6
-40.0
-38.9
-35.7
-38.6
-37.0
-36.0
-35.6
-35.0
-31.5
-28.3
-28.6
-31.2
-27.0
-24.3
-30.6
-30.2
-30.1
-23.7
-30.2
-30.0
-28.4
-35.6
-26.5
-31.0
-23.3
-31.9
-28.8
-23.9
-21.7
-19.6
-19.1
-19.8
-26.3
-25.2
-25.1
-29.3
-21.6
-20.0
-19.4
-19.2
-19.7
-19.1
-18.5
-18.6
-18.6
-16.4
-18.0
-18.5
-18.9
-24.4
-20.4
-22.0
-20.4
-20.7
-23.0
-19.5
-19.0
