-103.6
-97.2
-93.8
-93.9
-90.8
-87.2
-88.7
-82.6
-84.7
-84.2
-83.0
-82.0
-75.4
-85.8
-73.0
-72.7
-73.9
-71.5
-72.4
-71.0
-68.9
-68.7
-69.0
-69.3
-68.2
-68.7
-66.5
-65.9
-66.3
-65.2
-66.6
-65.4
-63.9
-64.8
-63.7
-63.9
-63.2
-60.2
-58.3
-58.1
-56.3
-57.7
-57.8
-60.7
-59.0
-56.5
-56.5
-55.2
-55.5
-53.7
-52.9
-52.3
-51.9
-51.5
-59.1
-60.2
-57.6
-54.6
-50.3
-49.2
-49.4
-49.3
-49.3
-46.4
-46.8
-45.7
-45.0
-45.4
-44.1
-44.4
-44.9
-44.8
-44.7
-46.3
-45.9
-45.4
-44.8
-45.8
-46.6
-58.5
-50.0
-46.4
-45.4
-44.3
-43.3
-42.6
-42.5
-42.5
-42.1
-42.8
-41.6
-41.9
-42.1
-42.0
-41.4
-40.8
-43.4
-50.8
-49.7
-43.3
