-104.5
-104.7
-98.6
-97.5
-93.5
-89.8
-82.4
-84.5
-78.4
-75.6
-70.5
-72.1
-66.0
-69.7
-68.9
-64.2
-69.2
-63.3
-64.8
-66.2
-64.7
-62.1
-62.7
-60.6
-60.1
-58.1
-58.7
-58.0
-56.0
-57.3
-56.4
-57.3
-58.1
-56.7
-52.5
-51.3
-51.9
-52.7
-64.1
-53.1
-52.8
-59.9
-52.1
-48.6
-48.1
-52.4
-53.9
-48.9
-47.8
-49.3
-52.8
-45.3
-55.0
-53.8
-47.7
-45.3
-47.9
-50.5
-49.9
-45.2
-55.2
-70.3
-55.3
-51.7
-51.7
-50.2
-44.9
-67.1
-64.8
-61.8
-57.6
-58.5
-57.4
-61.0
-60.0
-59.2
-56.3
-55.7
-53.9
-52.5
-51.6
-51.5
-54.5
-51.7
-49.3
-48.8
-66.3
-61.3
-56.2
-61.6
-65.0
-59.9
-57.2
-54.7
-53.4
-52.4
-51.8
-52.5
-51.1
-50.3
