-103.6
-100.9
-98.3
-96.5
-96.9
-92.8
-93.2
-93.7
-87.9
-72.2
-71.8
-76.7
-62.7
-62.8
-67.5
-63.5
-61.7
-63.0
-60.6
-58.6
-56.4
-55.6
-52.5
-53.4
-53.3
-53.0
-53.5
-50.7
-52.8
-51.6
-51.2
-51.9
-52.5
-52.0
-52.4
-49.6
-46.9
-44.8
-43.5
-44.7
-43.3
-43.0
-42.6
-43.7
-42.3
-41.8
-41.1
-40.5
-39.6
-37.6
-37.1
-37.0
-36.2
-37.9
-39.2
-38.9
-39.1
-36.4
-34.4
-34.8
-37.4
-35.7
-33.8
-33.2
-31.1
-30.7
-32.7
-30.9
-31.2
-31.5
-29.9
-29.2
-31.1
-33.3
-33.3
-33.6
-31.2
-30.5
-31.1
-31.6
-31.0
-30.6
-31.2
-30.8
-44.3
-35.3
-35.1
-35.4
-33.9
-33.8
-33.3
-33.0
-33.3
-33.3
-33.1
-33.0
-33.3
-32.1
-31.7
-30.5
