65.6
66.1
74.9
77.5
80.9
85.0
85.8
89.4
92.5
90.7
92.7
92.9
93.0
96.5
96.0
96.2
98.2
100.6
100.8
100.6
102.3
104.0
102.9
103.2
104.0
106.6
106.8
107.5
105.5
109.0
108.5
109.4
109.5
111.6
110.8
112.6
110.8
111.9
113.7
115.4
115.0
112.4
115.3
116.5
117.6
118.1
118.8
117.1
118.5
117.5
119.7
119.4
120.3
119.0
121.2
121.6
120.8
123.0
122.3
123.1
123.2
123.1
124.7
123.1
123.9
122.6
119.7
122.2
125.6
126.4
126.3
126.3
128.5
127.9
128.0
128.4
127.2
127.8
128.6
128.6
129.0
129.1
129.3
129.2
129.5
129.8
129.9
128.7
130.0
129.9
129.4
129.9
129.7
129.4
129.4
129.8
129.5
129.9
129.9
129.7
