74.6
78.9
81.9
84.5
83.1
84.1
83.4
85.1
88.1
94.1
88.1
92.0
93.7
94.3
93.9
95.4
93.7
99.4
98.0
102.3
101.6
102.0
108.0
106.5
110.5
110.7
113.1
113.7
114.0
115.0
116.0
115.8
118.5
118.0
120.9
116.8
119.1
122.1
124.0
123.4
126.8
125.0
123.2
124.7
124.7
126.6
125.5
125.8
127.7
128.1
127.9
127.4
130.5
129.3
129.0
130.5
128.3
131.5
131.1
133.4
130.4
132.3
133.9
133.7
133.3
130.2
137.6
133.2
132.2
127.7
135.3
135.8
137.1
139.0
137.5
139.2
139.3
139.0
136.1
138.3
139.8
140.2
136.4
139.8
128.6
139.0
143.8
144.8
144.1
141.7
131.2
134.9
134.5
135.6
132.6
140.4
141.4
137.9
125.8
137.5
