85.0
86.2
89.4
88.9
91.2
91.6
94.2
93.2
94.9
94.5
95.8
94.6
96.3
96.8
97.5
97.4
101.0
101.0
100.4
102.4
101.0
101.9
102.7
104.5
105.0
106.5
105.2
107.6
110.3
108.8
109.5
108.3
110.2
109.6
110.3
112.8
111.7
112.8
112.9
113.3
114.8
116.0
116.3
115.9
115.6
117.7
118.4
117.4
119.0
118.7
119.7
120.4
120.2
120.9
121.6
122.8
123.7
123.3
125.2
124.1
125.7
126.7
127.4
127.2
126.5
128.7
130.9
129.0
127.2
131.8
129.2
128.5
129.9
126.2
123.8
133.0
135.7
135.9
129.5
133.9
136.5
137.8
131.1
135.6
137.3
138.5
132.2
134.4
131.8
131.8
140.3
140.3
136.8
136.5
132.5
129.9
135.6
137.3
137.6
138.3
