50.4
62.0
71.7
64.0
69.9
79.2
76.3
69.7
83.2
87.4
82.3
85.0
88.8
88.4
87.1
88.5
86.9
92.5
93.5
95.3
91.5
97.7
97.2
96.0
99.4
96.8
103.2
102.2
100.7
99.3
100.6
107.8
104.9
104.1
105.3
106.2
105.4
104.2
105.0
101.7
101.1
100.9
104.4
109.5
108.5
108.5
108.5
110.9
112.8
109.8
110.5
108.8
111.2
105.9
113.1
114.7
114.8
109.0
114.6
108.2
108.3
113.3
115.3
112.0
112.5
113.0
111.1
115.3
116.9
110.3
114.6
115.4
117.2
116.9
111.7
119.3
115.2
120.7
115.8
115.9
105.8
107.9
103.8
105.0
105.6
106.4
104.9
108.4
111.7
114.2
118.1
118.0
110.0
102.7
114.1
113.1
112.0
117.2
119.1
123.1
