72.3
77.8
90.5
91.6
109.4
103.5
110.4
107.8
116.1
115.9
113.4
110.6
114.7
117.2
120.1
112.6
123.1
118.2
126.1
129.2
134.7
138.3
142.7
142.8
138.3
143.8
142.9
142.8
146.2
144.3
144.9
144.1
147.0
148.0
146.3
150.5
151.6
153.5
150.3
154.6
156.0
152.6
159.6
160.3
157.4
164.1
158.1
146.3
157.6
161.3
162.5
164.3
154.4
168.0
158.1
157.2
163.1
166.1
166.4
156.5
160.5
169.5
166.3
168.3
174.0
175.3
166.9
151.7
167.5
165.1
164.1
164.4
167.6
162.1
158.8
166.6
176.1
173.6
163.1
165.9
167.5
159.6
166.2
164.5
164.2
167.8
172.4
171.1
171.5
172.6
172.2
163.4
172.4
169.0
173.1
174.4
166.9
174.4
182.2
157.9
