69.8
74.5
81.5
82.0
82.9
84.4
84.7
86.6
87.3
88.3
88.4
89.7
91.3
92.3
92.9
91.0
94.5
90.2
94.8
93.5
95.6
94.9
95.9
95.4
96.8
95.8
96.0
95.7
96.8
97.0
99.6
98.7
99.4
98.3
100.2
99.6
100.9
101.5
102.1
102.5
102.8
104.7
104.5
103.9
105.7
105.3
106.1
105.9
106.8
107.2
107.4
107.6
107.8
107.8
107.3
107.7
108.8
109.5
109.6
110.0
108.8
109.4
110.4
110.1
110.5
111.3
110.8
111.7
111.3
112.5
112.1
112.4
113.0
113.2
113.1
113.5
113.1
113.9
113.9
113.7
114.6
115.2
115.0
115.4
115.8
115.8
116.2
116.7
116.8
116.9
117.4
116.8
117.0
117.3
117.8
117.8
117.7
118.2
118.3
117.9
