67.8
68.8
69.6
67.9
70.0
73.9
79.5
80.2
80.6
85.5
87.6
86.8
88.2
91.0
90.5
91.7
91.9
91.1
94.2
95.6
94.4
93.5
96.1
94.8
96.5
98.0
99.4
99.0
98.2
99.7
100.6
101.7
101.6
101.5
101.8
103.3
103.2
102.1
103.8
102.5
104.4
104.1
105.8
106.6
107.1
107.7
107.2
108.3
109.2
109.5
109.5
110.5
111.2
112.1
111.7
111.1
112.4
112.1
112.0
113.5
113.4
114.3
114.8
114.1
115.2
114.5
115.2
114.7
114.9
114.7
116.6
116.4
117.2
117.7
119.3
119.9
120.1
119.9
118.6
113.7
118.4
118.6
123.1
122.2
122.3
123.1
123.3
122.5
118.4
121.0
122.0
121.1
117.5
116.8
119.0
122.2
123.4
124.0
124.8
124.6
