-99.3
-101.5
-97.2
-87.2
-85.5
-82.5
-81.2
-71.8
-77.0
-67.7
-69.5
-70.1
-72.1
-71.6
-65.2
-60.7
-61.4
-62.4
-63.5
-62.2
-62.9
-62.2
-58.3
-56.2
-55.8
-57.9
-56.1
-59.5
-53.5
-55.2
-52.8
-51.9
-47.8
-48.6
-46.1
-46.3
-46.0
-44.9
-44.6
-45.5
-42.4
-44.7
-43.5
-43.0
-39.9
-41.7
-41.8
-41.4
-39.7
-38.5
-38.3
-37.7
-38.6
-40.7
-46.5
-38.2
-39.0
-37.9
-36.6
-34.9
-34.2
-48.4
-51.5
-41.7
-50.2
-39.3
-38.9
-35.7
-35.2
-34.8
-33.2
-33.0
-32.2
-30.1
-30.6
-30.1
-31.2
-32.9
-31.3
-26.8
-30.2
-31.1
-25.5
-22.9
-22.2
-25.1
-27.2
-23.9
-21.3
-21.8
-21.7
-20.6
-20.4
-24.8
-27.8
-22.5
-22.2
-19.3
-19.1
-21.9
