64.0
68.6
72.9
75.1
84.5
93.1
93.0
98.7
100.5
105.0
100.4
104.5
111.0
107.0
111.9
111.0
117.0
114.8
110.4
111.1
116.9
116.5
117.9
117.1
118.8
123.1
127.6
128.7
121.7
125.0
128.3
129.2
127.8
125.7
127.6
129.9
118.0
120.2
126.2
129.9
129.4
128.2
133.2
138.1
137.4
135.7
138.7
136.3
132.1
130.1
127.6
140.3
143.9
125.5
128.8
134.2
140.1
140.8
134.0
134.3
129.8
139.4
138.3
136.4
141.9
146.3
138.7
145.6
134.4
131.1
132.5
141.3
142.7
129.9
136.2
132.4
144.2
144.9
144.7
139.6
146.3
143.7
140.7
148.1
140.4
147.3
148.5
145.5
140.9
144.7
143.5
131.2
124.8
125.4
129.5
127.4
140.4
129.7
131.0
135.5
