-98.2
-94.4
-92.9
-88.6
-87.7
-85.4
-79.6
-75.8
-72.2
-76.0
-76.0
-73.6
-72.3
-70.9
-70.3
-70.3
-70.5
-66.2
-65.7
-62.8
-67.2
-58.1
-58.6
-57.8
-60.7
-57.4
-57.0
-54.9
-55.9
-56.3
-55.8
-54.0
-53.8
-51.5
-50.2
-47.9
-48.8
-47.5
-46.8
-45.6
-46.2
-48.7
-45.4
-45.9
-45.2
-43.6
-44.5
-43.1
-43.0
-43.2
-42.1
-42.9
-41.7
-42.7
-40.7
-42.0
-40.2
-38.6
-38.1
-37.7
-37.8
-37.2
-37.1
-38.1
-37.8
-38.0
-36.5
-37.0
-37.1
-35.1
-36.0
-34.5
-35.0
-36.0
-36.2
-35.1
-35.3
-34.2
-34.7
-34.7
-35.1
-33.9
-34.0
-34.3
-35.4
-37.5
-34.6
-33.2
-33.4
-33.4
-32.7
-32.7
-32.8
-32.7
-32.1
-31.5
-32.1
-32.2
-34.1
-32.1
