72.5
81.4
83.5
90.5
96.2
100.2
104.7
107.5
110.3
114.8
109.2
116.3
119.7
120.0
122.2
127.3
125.3
127.0
129.8
133.7
133.7
133.0
134.8
134.3
135.7
136.9
136.1
139.1
140.3
138.8
135.5
139.2
136.8
141.1
140.9
141.2
142.5
139.2
142.7
141.7
143.9
147.9
145.0
146.7
131.2
136.1
142.8
146.1
149.9
148.7
139.8
148.7
136.9
143.6
148.8
154.2
149.9
150.3
151.8
153.7
147.4
142.8
127.6
126.8
133.7
136.8
141.0
148.4
134.8
150.1
153.3
159.6
159.2
163.9
165.3
166.2
169.9
167.7
168.7
169.2
169.5
169.2
171.4
169.9
163.4
169.5
165.7
172.2
164.6
153.2
169.7
168.8
169.8
170.5
171.1
171.0
171.0
172.4
172.8
168.9
