-108.4
-110.2
-103.9
-103.7
-101.5
-97.9
-94.0
-87.7
-82.7
-81.5
-83.3
-81.8
-78.2
-77.9
-68.1
-70.6
-79.3
-71.8
-76.0
-74.9
-68.9
-68.7
-72.0
-67.7
-65.1
-67.7
-65.7
-65.1
-63.2
-62.5
-62.4
-57.5
-58.5
-58.8
-60.8
-60.7
-59.5
-56.9
-56.2
-62.6
-60.0
-55.5
-55.3
-53.9
-53.6
-51.9
-52.7
-51.9
-50.7
-50.2
-49.7
-50.2
-49.2
-49.4
-47.3
-47.6
-47.9
-49.1
-49.9
-49.1
-47.4
-46.7
-46.0
-46.2
-44.0
-43.6
-43.5
-44.5
-43.5
-43.6
-44.1
-44.1
-42.1
-41.7
-42.0
-42.4
-41.6
-40.5
-41.3
-40.8
-40.6
-40.5
-38.9
-39.2
-39.4
-38.1
-38.3
-38.5
-38.4
-36.9
-36.7
-36.7
-36.6
-36.5
-39.7
-43.8
-36.1
-35.1
-35.6
-34.9
