61.6
62.9
71.1
69.6
74.4
79.4
78.8
82.2
84.1
83.5
80.7
82.0
82.6
84.6
91.1
93.8
95.9
96.9
98.9
99.4
101.3
100.0
104.8
101.2
103.6
106.6
105.9
107.5
105.7
108.2
108.8
108.2
105.5
109.5
109.9
108.2
110.1
109.9
109.1
110.4
110.9
108.1
110.7
114.8
113.5
114.6
115.2
115.4
118.4
117.4
118.3
119.6
119.4
120.6
120.6
123.1
121.8
122.7
122.5
122.6
123.6
124.6
124.9
126.0
126.3
126.3
126.3
127.3
128.0
127.7
126.3
128.9
130.0
129.4
129.9
130.1
131.3
131.5
131.1
131.5
131.0
125.8
116.1
120.8
123.6
128.4
129.8
129.8
131.1
131.8
132.6
132.9
133.1
133.0
133.4
133.5
133.8
133.2
128.7
128.2
