-96.8
-91.9
-85.7
-81.5
-82.1
-75.1
-71.5
-74.5
-68.8
-67.0
-64.1
-63.3
-63.3
-63.9
-63.6
-60.1
-62.1
-63.0
-59.9
-59.7
-58.4
-59.9
-59.4
-59.2
-66.9
-58.6
-61.4
-58.6
-56.5
-56.8
-56.5
-54.9
-56.0
-55.9
-55.1
-55.9
-53.5
-52.1
-54.3
-52.5
-53.2
-53.8
-51.5
-54.0
-58.0
-56.9
-56.2
-55.1
-54.8
-55.4
-49.1
-51.1
-47.7
-47.4
-46.9
-48.3
-46.9
-45.9
-44.7
-46.6
-43.5
-42.9
-42.7
-45.5
-47.5
-43.8
-42.2
-41.6
-41.2
-40.5
-40.5
-40.0
-40.6
-40.3
-43.7
-39.0
-39.3
-38.9
-38.2
-41.8
-41.4
-38.6
-39.0
-38.4
-38.8
-38.3
-39.1
-41.7
-48.4
-53.5
-39.4
-38.6
-37.7
-37.8
-37.6
-37.4
-36.8
-37.5
-36.3
-36.5
