-104.4
-105.7
-96.1
-95.0
-89.4
-88.8
-90.6
-90.9
-85.5
-88.4
-89.0
-88.1
-84.9
-83.1
-84.1
-83.4
-85.2
-83.8
-82.9
-83.3
-85.1
-81.5
-80.8
-81.5
-82.0
-81.7
-81.7
-80.0
-79.8
-80.9
-79.0
-79.6
-80.0
-79.6
-78.3
-78.3
-78.7
-78.8
-80.2
-78.6
-77.4
-76.5
-75.9
-76.7
-75.5
-75.6
-74.8
-75.2
-73.3
-73.7
-74.3
-74.6
-72.9
-74.2
-72.9
-73.5
-72.9
-72.8
-72.0
-72.4
-73.0
-72.5
-71.7
-72.8
-72.2
-71.6
-71.7
-72.0
-71.7
-71.4
-71.5
-71.4
-71.2
-71.1
-70.5
-71.0
-70.9
-70.6
-70.9
-70.4
-70.3
-70.3
-70.2
-70.4
-70.1
-70.1
-70.3
-70.2
-69.6
-70.0
-69.8
-69.8
-69.7
-69.4
-69.5
-69.4
-69.4
-69.3
-69.2
-69.0
