-102.2
-106.4
-99.5
-106.9
-105.0
-99.9
-94.2
-90.1
-89.0
-90.9
-92.5
-89.1
-92.2
-88.4
-83.6
-85.1
-81.0
-82.8
-80.7
-77.2
-80.4
-80.7
-74.9
-77.8
-73.2
-70.3
-75.0
-83.5
-75.9
-71.0
-71.1
-65.5
-63.8
-65.6
-61.5
-61.7
-63.4
-60.3
-58.2
-58.5
-57.4
-58.9
-57.6
-56.0
-55.2
-53.5
-54.1
-51.8
-52.9
-50.9
-51.1
-53.2
-61.5
-52.1
-49.6
-49.9
-50.4
-49.5
-50.2
-49.5
-49.3
-49.0
-50.9
-53.0
-52.3
-49.6
-59.3
-48.1
-47.6
-46.0
-48.4
-48.2
-46.3
-48.5
-46.6
-47.8
-53.8
-49.0
-46.8
-45.1
-48.5
-47.1
-47.2
-46.2
-44.4
-44.4
-46.3
-45.5
-43.8
-42.7
-42.3
-41.6
-43.3
-44.4
-42.7
-48.3
-46.6
-45.2
-43.7
-45.2
